11100011001011111001110111011111001110001010111001011010011010000100100011001110101100010100101101101011000011111
11000011011111001010011011111111010011101010101111010100101001001111110110010001111001000110110111101011111000010100111110010010011000000100010110101

00111000111001010110110111011110110000110001001110101101110001110100000100111110100011011111101110101111110001001001100011100110001100101010101011001
1111000111011111000010011101001111100010100011100100000110101101010010111111111000110001101101010011110101111101111100010100110000010010000111110111001110

010111100001001110111101001011000110011111011100000110000110100010111011000001011010001110110001101100010111111101011101111101001110010
1001001100011011001010011010011101011101111010110010101111001110111000011110001100011011001100010101010010111011110000111110011001010001110

001001010101111000010101000111111100000001110101011101100101111001000111111110001101111011111001111011100110101111000001000001000110111010011000011
00101100010011110110010010011010111110000111111110101110011011110100000101100110000111101101110001000001111000111111001111101011110001001000111001101

0101011010001011111110010110100000101000110101110000010001010111011001010001011010011100011111101101110011100110010111100100010011111011111010
11101111001011001011011111111010111001111000101100011110110011001001110101001000001011111100110100111001000110000110

100000010000111110110000110000110010110111111111101011111011000001010010010100001001011011110111100000101001111101110011101011010110110101110011
01110000111011001011001010011001111011010000101110110010100111110101010010110110100111100100011000111110101101000011001100111010101010111000110000111

001100100011100101100111100001001011101000101110000010000110111010100110011110110001111101011111110111101110101001111101011101100111110011101000000101
0001111110000100010001111111011011100100000101111111101010110000110110101111011001101101100011100110001101001100111000011011110100
