11011001100000011111100000101011001110110100011010011110000101111011100111110101101000001010101110100011111110110001001011111
00110110001001011011101111000111110000111100000110111011011011010001011001101111110010011111110100001101110011101011000001001111111

110011010011100111111101110111101010110111111000000010011010000000100111101001010111100010010100101101000111111110111000100101001011
10101110110100010100111011010011111000101101000011111100100101001110100101111000011001111101001100100

010001110000110011101101011111011001000110111100101111101001001011101000111100000100010100101110001100111111000111111010010101101
010101001110001110001011011111000111001111011001011101011011010011011001110111100100001010111000100110001011010010110100011101100111100110101001

0001000011110010110110101011101100111101100100111000001111001100111100100111110101011001001110111110110011111111110100011010000101011010010011110101101100000111000
01000110101100110011000111100001010110111000101110111011111000000001000111110100111110111101001111001001101010101100011101001110

000111100111100101011110010000111001011111011001101111001101110010110001101000101001000001011001011010110111110100010101101100011111
00101110110110001001011110110110001100101011000011110000010000110011100001110010110011101101011001001111010011111111111011110000001000110111111001011110

111101100001110111110011010100101000111001101000010101011110000110110111000000111010110100011101111100010001111100101
011101101000111001111101001001000110010010110010011011111110010011110010011010010100101011011101100000111101000

1001010011111000011011011100110101110010001001100111001001010111111001111011001111101110010000010100111010110110000100001101101010110
0100111000001000011111100111101010001001110111110110101101111001010110011010110000011011010000111111011100110100010100110101000001110
