1111001101011111000011010001010110100011011000100000110010011101001110010011000011001011110100111100001101001010011111110
10000100011111100010110101001001000011101111001010011100011110111111101101111110010000001001011101001111000011011

1110111010110110110011110100011111010100000111011010111100010100011001111101010001000110010100110011100001100110011101
11000110011110111111000110000110101000101110000101000111010100010101101100110010111001001011010000111101111000011110111

00001100011011010000111100011101001011010111111011111100010110111101101011101110011101010011011111000101001000011000100000110
110101000111100000110101011100011101110110011101110100101100001011111101001111110011101110110011100110001001111100100101100000

101010010011110001010110010011011011110001010100111111000001001100111010001001100000110111011111000010101100011111010101
101011110001001011111110010111000001110010100110010001110000100111110111110100100110101111001111100001010000110010100011011011010

1100010100001000100101111101111110011100001011010011010100110011010101000110010100100011001110100111111100010111011111
011110000110111110001111000110010010100111000100111100011111110001100101101011010011001010101110011001110110111100
