11110001010101101101001011010000010111101101110001110111101100000010100110001111010001101001011001100001001110110111001010111111
110000111111101100110000111010001100011110111000100110100010101111111011011110101111011011000001001101010000010011

001011110110110010110011001110101111100101100100010010010000010110011111110111101111101011100000011010111010110000011
0100011000101010010000001111011010001011001111111100101110010101111110111110010011000011001111100111100111011100

01000011001110101101011101000000100111101100111011000101111010010000011110100101101110001001101100010110111011111
10011000101101111110001111101010111111100011100110100101011110011100110100100011001001011000011011101100

110101001110110111111000011010111011000010001100111110100000010111001101100001101110100111000011100111100011001011111010
1100010000101101111101111011110001110001110010111010011001001001011001100111001000001011011111111001001011011001011011010100

11001101000110001110110100000101000101011001101011000011111111010101011111011011101110110111000001001011111010001001000111
110001110010001011011100100111011011110101010110001110010000110010000010011000110101001011111001010111111111101001110110100111110100010

10000011010110111011111010011110101000100110111011011010001111100101111111000001100100101110010100110101100
0110010011100100000010100111011101101001111001111101110001010111101001011101010111110010111101001111011010100100000110

1001010011101111010001010110111110001111101011000111010000001011100111101100011011011101011101000000001111011011010100101011
00000010100001110100111000111101111101110101001110111011111110111001100100100100011111000111000000110100101010100101101111

0010000100010010000100010011101110111001111100111011101011100011111110101101101010010000100111100101010001111
1111010011010010101100111001111000110101101001001100001110011110011001010001011100100000111011010101101001111111010101100

1011010001101010010011011001011001100011111001111111110111110000100001011110010111110000011110100100011101000011111011010
001010100101011100010001001110011100001111110100011111101101100001110101101100100110110001001110

001000010111010111001110101110000010011101100111011000111110111111011100111000000111110101001100110000001101001001110011110
101001011001001010101110101111010111011011101000100111100111010011110111101101100000110110111110000010110010001101110010
