11010000111110001000111111110111001100101010011101011010001110011110010100100101101011001100111100010100011110
1101000101000101101100110101111100010010011100100001111011101111010100110011110110010111001000011110010000111

100011011011111101100100111101111001101110100101010011011000110001110011111011110100000100010010001101100011101111
1110010110111101110001010001011101010111110110001111110110100011110010110100011000110011010001000110100

10001111011110111010101101001101111110000110101110110110000001010011100000100101010011001111000110011011
10110110000100110010011100100100110101001000111101111111100010000111010101101001001010001111101001011101111101

00000101110011101001101010011111110110011110101111110101111001010110000001011010110010000011000110010
111000010111111101101111101110001011001010011000110011001100001000011011001000111101111000111011011010011101

0011000100001100100011010110111100000010010010111011111111110111010010100010100111110100101101110111110011101101110100011100000001
100011000111110100100000110101111010101100101101001111011110111110101011010110010110111000001111100000001

1101011000010001011011110110101111011111100101101110010000100110010001000011010010011100001110011000111011
101111010000100010011001010001101110101000011101011101010010010111000100110110101100110011010011110111111001100111111

11010010111111101100011110111010100100011101100111000110010100011100101011011000011110100001101101010001001
1010000111111010101100011010101000011011011110011101100110001111110101111100010011111011001000111010100100
