111101111100110011101101010011000011101110100001001111100010111010101100001101110110000
100001110001110101110001110010110010101111011111100101101001101100100001110001110101110

1100010000110110010001011001111110101001101010011100011001110111011010110010110100010100010100110011111
0100100110010110011111111110110111010000001111111101111010011110010110000110010010000

11000001011010011010011000111001111000011010111100111011000101101111100101100011110110111001000
100110000111010001011101111010010001101100011111001101011011001000111010110000111111101100

01101011110010111110001111100111100110001001100000111111000110100101110110010001000010101011111
11100111011100110001101111101011010100100100111010010011110100110101101101000000111111100000

1111000101100011111010001110101001100101010111101001100010011010010110000000110110011101011110110
11110100011011111001010111001100010010110110001011101101001100000111010111000100101110

11000001001111110010010000110111111011011111010111001001111000110001011101000101101000101111101011101110000101010
10001101111100110000001111011101101001111101001101000101110001011011101010110
