111001110110111011111100100100100111110111000001010110010011110100110011001011000
1000001011111101001000101111100100101111110010000101111110010001010011001100111

100110101010010111011100110001111100010110001000101111000100011111100110111111100101
10001110010010110101011100001010011110111010110011011110100111101000011110110011101000

111100010000011111110000111100001001110010100111101011011100101101111100010101010001
1011010001001110001111111101011010000110011111001100010011110000001100010011101000011101101111010

110010100101110011111011001101111100101001001011001111010100000111101010111100101100
0011110010111111010010111010100101010010111111000111001000110110010000110111000110100110001111

1111011011000011111010010110011101110010111101100101100110100101110001000111000101011100100101111000
101011110010001101011101001011011010001011001110010111001001011001111001110011000111111010

110000000111101100111100111011001010101001110110101110111110001001110000111111010011010010
1110110001000000010011100111101111011110100010110010111010010101011010101101010011101110011001

1000001110101101110101111110010001111110111000011010000100001111110111011100010001011100111010010
010011110000111000011111011001100100010101001010001110011001110110100011011011001100101111001101

1110010111001100101101010000100101011000111101000110111111010110010011111010010000110000111011011101
10001101000010111001010010001101111110010011001011010001111100011110110010110111001000011111111010
