10010111001101100110010101110011111010101100001111110000101100001010111010110000011001110011101000100011101101111011001111101010
010010011011111110011010111110010011100011100110101011111111101110110110011001101001010011010000000011001011010010

0101000010111100110100101111110101110111111101001011010110001100110110111101010001111000111100111010001101000001100011101001000
111100101000000011111000001011001010011100101011101011011101111100111100010001101001110110100100001111100111

110001100111110110111001011110111011010011000010001100101000101111010001100001011011110000110010010011111111011010
10110101000101010111000011010100011000111001000100111110111100111000110111110011110110001000001101111110111

1101010011001000111000110001001011110001111000111110010101100001110000010111100101010110101111101111011011100
001110000101010011101110001111010101011001001010011111100000001011011110111110100110000000010011111101101111001

11100111110011101101110010000101100111111001111100011100100000101100010010010100001001011111100110011000110110000111001101011101
100000111110000101011000111010000111101011010011011111100010101110101101110110001001001110011010001111111100100010111100

100001101011001100010110001001111100101110010100000101010111001101100100011111111100111100001111011110011010011000110111101
00000111000010110111001001111110100101010011000111101100111011100110111110000111010100011101110011000111110110001

010100111000111001111011111101000101010011001010111010001100100011111001011111100101111001001101
110100011001011101110100001000011110101110110001100111100110110111110111101101000111111110001100100100000001111010101100

10100111100111011010001111010101100001011100000110101001111110001101100111001111011110000100101010001011101111101010101
1101000101110111011011100111100001010100000110001001011111001111111100101000111000110101001101110110111000011000
