0100000100111100010111100101110011111010100011010010100111000110101110001110011011111011110010111011
01001110001001100011111011001101011000100100100111001111010111001000001111111100010101110110110110

1100001010000001111110110000101101111101010010001011111010101111111100001010000001111101100111100011
00000011110010001110101111011101011001110000011111101110110101001111010101001110111001011100011001011111100000000101011

1100000111011001001101000010011111101000010011011110001110001101100111010011000011010111011111011111000110011111
1101010000111011001100010101101101000100111000110100011111100111110111010110111101001111000001110011111001000

110101100011110101011000111100010110001111001000110101101110001011010011101110011111101100101001010100010110001000111101010011
101111011100000111111010001101011110010001101101010000010111101010100100011111001110000111001010111111100111

110111100001001011000111011010111110000000101101000001111101001100010110110000101111000111000100001001011101111010101101
0111011001011010110010100010011111110100100110100101011111001110000100110010100110111111100001111001011110

0011110010111010110101100100110111000100110101000000100100001110000010101010111100110000001011000110111101111011111101101100111
0001000001100011011111010110111101010001010111000110100011100010011101011001010011110011111011111000000111111

11001000110011010001010100010010111001100101011111010011000111111100010110111001010000111001011011101
001001101010010110010110000100010111101101011111100011100101100111110001110011100110111010000101011000111111111101001100
