101001010110000100111110101111111101101110010111101110010010100110000110110000111100101101100
11010101001010110010011101001110010110011100111001000111001110010111101001011001100001111011

1001111011101110001001011000100011000111011010100101101000000111110011111
0110000100000011111010001001101011111101010100100001011001110001101111011111101010

1100000111010010010011001111000110100011110111111111100110100111001000101
1011110011011101101010100110001011110101001001100000110011100011000111111101

00101110100100011011001110101000101011111111010001010111011100101110001111011101000
10100100110001000010000111110011111000110111010010111011010011011010011000111011111110101

1111011101011111001010010110001111000010111001100110010010000010101110011111
1100101001101101110010000011111101101001111101001101000101000011110111001100

0110001100111010110111110110101100111010100111100001011000011011010111001000011011
1100010100011110000100101011101000011100010010101100010101111111100010111101011001110110

1101000111101001101011100110011001010000101111111011000100011
01001111001110101101011110110101111111101100010110010011000000100010010111011110

000110001011001111010011110001011111101101101010111010011011110010001101000101101011100011
11100000011111100110010100001101110000010111001101011101100111011111001110111100001

01011100010101111111011001110110010110011011111110000000100011001111001110100110
110111100100010011111000110101000111010110011110011100011011110111000101100110
