00110101101110010000001110110000111011111101111111111001101011100010011011101010010100110100011000011100110001101110001010
1001010110011111100110000001110010000111011100010111100111111110100011000111011101100101100110111100111110000011100010111001

011000110101000100011110111011111101100011100010101000100101001101011011110001000010101011101110001101111101111110
101010101011110100010111000111100011001111010010011110111001111100011111101101001011001000010000110000111110101

11010010001000100110011010110111111000011101010011010101111010010111111000100011110110100001000010011001111010
0111010010111000111111100010101110111110000010011101111000110111110100000100010100110110010110010110011000011111100100

1011110101010100001001100001111110000110111111001011000011100100100100111111000001000101010111011001111101110110010
1011001011101011111101000100100111100111010101110011110000001010101111100110000110001100111011101111110010001001

01110100011000101000100011101011100101111001110111101111110000110100011110001111001111000011010001000101011101011
00000101011111000001000110101011110111011111111101011011100101011011110001101000100000100111001011101100111110011000011000101100011
