110110010001111110101010100111011011001111101011111011010011111001010010101000000011111000100110011010101001011101
10010010110011001011110011011100011001101111101101110010011100011001101111100101110100001101010001010

1111001110011101101011111110010100100010011010111001111011000110000100111000010111011111001001011011010001101110
100100000100001011110001010111001100100000101101110110111100010111000110111100011010010101111110011011010

1010010111101011110110010110111001111110110101001110010001100100000001100001100101110111111100010101
10110111101101001011010011100001001110111111110100011110101010110110001000110110001000100011101010111

11011101111001011001001111110000001100101001110100011000101011101111010110010110111101000011001110001110011010011001011001
11100001101100010001100111100011011010000011111110011110001010110101011100100011001101100110111000111110101100000101110111011100

110100101110110111100100011110100001000111100001111101110010100110001100111010100001010100111101011000111111011
01000001110001010001101111100011110101011010101111001101110011111011111100010111110110111001011001001010000000100

0111010010110111100100100011001000110110110101000100111110100010001100111111011110101001100000101011111111011110101
001000001011011111110000101011011111100000111100100000101111101111010100011110011111010101011110111010001001000011

010001111010110110001001101001110101100001001111100001011111010001101110111001101111010001111000100110011111000101
100100101001001110111110001110011001011000010000111011111000111111010101100001000011011111000101011011100010111001
