1010011101111101010001001100011000100111010001011111001011000010110111110110110110010111000101111111000001000111
1111011000111000100001100111011100011111010001101001111000101110010110101011000011011000011101000110101111101111010

0010011111100111011110011101011110010001111000011000010011111010101111101011110111110011011001000110000111010010
100011000111101100111010101111110100110000011001111001110100010111101111100101010010010100101100

00110111101000000011111101010001101111000111011111101101100010110011001111100100001111100001011110100011100000101110010111011010
1011000101010011001011110100100101101010011110111110110011111011110101001110110000111001110010000001000100

1100001111111101011001100110101111000101111101010001010101100101000011110110011001000101110010001110011111101011
11000011101001100111110011000111010111011000010001111011100100011110101010000010010010101000101111011111101011

110101100011111001010001100111001001110101100011100010100100000011010101111101110011101110111100110110
1010010011110110010001010101011110111000100011100011111010000110110100111010010001110011111101011001011110

11111000100100010101111010110011101110110111000110000100001010010001101100000011100011101001011001011111000011111110101
1111001111011100101111100011001011111001100100101010100000111100100010000110101111011001000100010111110101110011

001000010110110110011000100101110111110000101110011101001111101111110111100011010111101001111001101000011100011110000010110
01000111100001110011011000100111101111001111110001111001111001111100110111100000101100111010010100010010101110100101011

11110001101010000110010000110110100010010101001100101100001001110011101110001011111100011011100111011100001001111111011000101011110
01101110110101101110011111001001110001100101000111001000000101101000101110101100101111

100100111101101101110101011100010111000001111000011110000111101110000101110101110010100101010011110110000111100
10000001111011101011001110110100011110111110111100110011010011001111010101011000111001010110100100001000001

111100101110110111011000110100111000101001110110010100011000001010110011101010110011111100011100
100001000111001101101110010101111111110001101101000111100001001001010011111100011101011001001100011010
