01100111110101101010011110000011110111111110011001110111110100111101010010100111010001000011100000111101100010100011100001001101
11010100001011110101000101011101011000111011101011101110111111100001000001000011110111111100000111011101010001000011100011

001111000111000100000111101111110110011010110000101101111111010100110011000111111101000010000001100110110110
11111001001110100111101010100111000110101000001101000101010010010101110111100101010001010111011100111110000111011111110

00101110100010101001100111110110101110110111010100001110101111001100000110110001100111001000011110011001111011101100011011
01100110001110001110010011110111001100110101110100011011110001110001111100101001100111110000010100101101000000100111011010101111

1001011000011101110101001000110011111100111000110110110011101100010110011010101001000011110110010101
10101110011101000011001010011001010100111111110011111001100001110100011101110011010011011111001000110010000001111

1001010011101111111010011110110100111101111011110100000111010010110001111101001101110000000111001000001101101000011011
00000001010001100011111001111100110100010110101101101111111000111111100000110010111010011100110010110010010101001111000101011

01100111000111110111110001101100000101110011101101101000111010000010110111001001110110110000101010110101111001011111
11010011001011110101001111011011111100110011101000011110010010111100100000100110110011010111001000001001101

11110000010001101100010110100100110010001110100111110111011011111000111101010111100100111110000100100
011101000011010010101110010110010011011110010101100010010100011101111001111000111011110110101011000001000111110111001111

0100010011111010010011101011000100011010000111001111111100110010101001101110001101000101000111001010101001100110110110
11000101000110011111111001010001110111110001110100010101001000100101100011010100011010111011000110000101001010111100110111101001110101111
