10110101111001101101011111101101001011110111000111101001110100111101100011101010000011001000011001010001110000100000011
000010111011100001101000101110010011111110100111100011001111111011010011111100000011100101111001101100000101011111

0010000101000010110111110111110110001111100111001010011011101000010000111111010101110010100011110110110010110000001010111011010011
100101101101011110000111100111011011111110111001010010010101101011011011110011000011011101000001011000011100001001100

11100101101100111110001111011110110001011101000001010110010111000111101000111010101111000011010110110011000111101110000100100100
1101011110001001010110111110000010111110010001011100111010100001100011110111011000111010001110101011100000101100101101010111

01110011010111001000110101101110011001010101011111100001110101001110001000011111000111111100000100101011011001111
1011101000010111010111000011011111001000111100111100010111100010100100110000100111101110001101000001110110010

1110010000110000011101100101111111100110111010001011011101001101110001100001001010001011110101111001000101011010011111110
00011100111101001110001101111011001011000111000110100111111001001101110011111010101111101000010011100101011000001000

1101111000001000011010001000110010011111111100001011101011001011000111011110010001101111100110011111101110101001101
01001010001010100001001010010011111011101010000110101101100011000111110111110111001111101001100111100

0100111110100001111111000111011111011001011100100111111001110000001011001001101100110001101110101101111001000101110000
111100100000110010010000111011001000001101010110001001100111101110101001000001010101001011101110001100111111111110101

11111001010010000100100111010110001000101111110110001101001011111010010011111000101001110100110010110100011011101100110100000110111111010110110
010100011101011110001001100010111001011101111100110110111010011111001001011010110000011110100011001010000011010

11000110110100111110001111110110100110011000111100101011101110000111010110100101100001011100111010100001010101001111
111111001100011110101001011010000111110111001010100110100010001101010011110010101111001100110100001101110100110011110011100100

0100100100111111011010100111011011000110110111000111110101011110011110101000010000101011100011111100000111111010100100011010111000
11110001101001001010011100101011000110100011111100001011111000010100111100001010011011000011111010101111101110001111011001101110100

0001000110111100010100101111100101110100101111111110100110110001011010110111110011110101000001101000110100000111001100100011
0111000001011111010100001101011111011001100100000111100110011011011000010001101010010111011110011011110010111111001001010110001
