111110011101111110101010110010000001111011010010110000101101110101100110011100011010011000001001100011101111001110001011100010
110000010101001100001100101010000111001001110000001111110101001010011011110111101111010110101111100111110111010001101

1101111010000001100101100010111011010101110011110011101100010001111001000010110010011100111011111101010000101011001110010011110
1111101000111111100110101000011001111101001111000010011101010110011000000110111001111001110000011101010110

1011110000011010101011110000111111101100000100000011111110110010110010001001011101000110011001111110111001101
1001010000110011110100111010110111110011111100010100101110010000111110110001111110001110000110101101001101

0100011110100010111110000100111100001110011011011111000111111011110100100001110101110011000010011010100011101101111100
10010101011001100101100101010111011111001000100101100001110011111010100010010110001110111000011110101111000010101110111110

10010111111101100110000101111011011010011010100011001101101111000000111111000001010110011101011110101010001101111010100111000
111100110001101111110001111101111000101011101100111001011000011000110100110001100110010111101000110110100100011101011001010100101

1100001010111010000010111000001000111110111011010110011001101111100011011100000110111110110100111100110001100100111000100111000111011
1111010010110011000100110111110110011100011011011000101100111100001010010101010011000101111111111001111101011010111000010100010

10001000001011111000110111011101110010011100100101011000010011010000110010101111011100010110111011000001111100
00011001110111010110010010111101101010111111100110011111010110100011000100111111001010100001001110010001101110010011011111101001101
