1000110101111011001001110111110100100010010001000101000010001110101100111100110001111101001101101011011011100100111001101110
10100110001010101110110001010111100101111000100001100111111001000111101110000101111100011111101000010010111001

01010010111100010011111111011000101101001011110110010111000011010011101000011100010111011011001000001100101
1110111010010011011101110001100001000001011011010101111001001101101110001111011011000110100010111101111001111000111

1010001001010101010110010011100011111001110011001100111111101110000110101001001010111100101100010001100110101110111101110
100101001111101111000111101001110110001110101001011010011100001100001011111101000010011010100011110110011011

1111100110011100101110001111111110110110010110000111001100001010110010000101011011000100001111011101000101101011
101001010100110011011011001101111100110000100100011101110111101000100011110111001111100001000110111110

1001010001010001010111110111011011101000110000011010101111100101100111001110101110001111100011001110101000010011010
011001011010110001000000011011010011110000110111101011111010001011110010001011000100011111110101001110011101101110

101110010100110000011111001101001011100100101000010001101011100111010011111110001001111011101011111100111001101100010000
1111110101001110000110100000110011011001100010111101011001001011000001011110011101001111011000001110110111110001111
