11110111001110100001101111010100110111011001100110000101001111000100011110001110010001111111100100
11010001010100000011001101110011000001010100010111100101011111111011101111011111110011100011100001001

10100001010011111101001000011100100000110111101101110010011111101110011110111001001000111110011010000110101
111101110110110110001011010110000110010101101011001001110010000110111000000101110111110100100100111110111100110010101111

1010100100111100110001101001011111110100101111001111100000111011100011101010010110010100100100000011001110110110011
000111000100100111001011101011001000111001101001110110010101010001001010001111101101101111110111111101110000010

1101110001110001011111010011100011001110100111110101011111011100010000110110001111111100010010100001110001011
1100011001000111011010011110000100111100110110011111101101100001000100011010110111101

10000100010001000111110100001101001011111011100100101101100001100010100101011101111111001001011011101001011011100111011011
1110011110010010011100111111110100110100110010100010101000110100001100000110111110011100110010100010111000110101101011111101

11100111011001111000111111101000010111101100010100100101110000010111010001100010011001001101101101110111111010001101001101000111
100011101001001110111010011111001000001011011001101100111110001010011111111111010111010011000111000001001001111001101

01011111000111011011010010111111010101100110011000110111111110001010011100100100111100110001010110111000010011010001011
11100100100101111011111011010110110101111111010011001101001100011110011110111010000100001100000001000110111100001

0110100011001010001000001001101010110000100101110111101011111111010000111010001011011100110011100010100111101011100100111
111110000100111010100010000011101111010010110111101001100011011011110110101011011100111010010100010011
