00011111010010010100011001011001110010011001111011011110101011110110100101000010010101111000010000011101111010000111101011111101101011111000
11110010011100001101010000110111111010111001101000100111111001000010110100111111100110011001011110100011011011110011000111001010

11111011111100011001000110110101100011101101111101001100101101110010001000011110101001010010011011101000100110000111101101110011010110
101001001001111011011100100011100110100100111000011010111111011111110100110110000001001000010000100001001110010111111001101101101110

00010110101000001100111011110001111110101100001111101110001100000110110111111111101001110111101110000100110100110011100010100001100110010111110001
110001100101110001011011111010010010011111011110001011011111011011100011000110010111001000110101000000110001110110110100010100100101011111

1011000010000110111011101100001011111011111111110101110100110001101011000100011001101010001001100011101001011110010100000110011111011101
101100110100001100000011101100011101101111010001110110100000110110001001010100111110010001111101111110111011111111100100111101110000100011011011001101

1010011110111101001110101000110100010110100011111100011110010001010100100010011101111011011111100011111001011001100010001011001111110100101010111001
111101010011011111110010001110110110000111001000101100010000001111001100111011001011010011111010101011011001110010011100011101010001110110010100000011110

01000011111110010111110011000110111100100001110101001011110111110011001001101101011111101110100001101001110000001101111001110100101010011000
0111110000101100011111001110011011011100001001010001011110110010010111110001110011000110000100110010101000111111111101111011111101001101010111001

10001110011101111111110010001111000000011101011001001010001100100101011111000111000011000101010111001101011111111110110111100011011010011100100001110000101001
11010010000001101101101001111101100000011011000110010000101001100101000111110011010011011111011100011011100111101001011111011
