11100000011010111001110100110100001001000101001111011001011000100000101010110111110010001011111110110001111111110
101101101110011000010010111010000111001110100100011000110110001110101000010110111101000111110010101111

10100100000100101100100101100100111110011110110001111111101001100111000110100000010111100011110110011010101
1010000110001110011010110000001100111110010110010111100101111111101001111000100000110111110101001111000100111

100001000111101001010111000001010111011010001110100011110101011111001101011011111000001100100110100011100101101111000101001111111100
0101011001011010010011110000001001101110000000111110110011110011001101000011110011101001100101111001101011111011

000000111000100100111001000001111110100111111110010111001111001101101110010111011100001010110011000111001001111
100101011000101111100101010101100011110010100011110110000001111100011110100110110011111100110011100001101011110011

0010010010100110000100110001010100111100110010110110011100011010101111111000110000011101111110001001011110111111101
100000110001001100010100001001110111011000101111110101101001111011100101000010110111001111100111111

010001001110001110110000100001110110111110010001110100101101111111001101100100011110111110111100010011100110100111100010110001001100101001
01110110010000101110011111010111110101101000100110100111100100011100100010110001110110000011110111100011

1111111000110010111111001011110111100111011001011101010101011111001101010001001101100101101110110000100000000111101000
111010000011010010101100001100010110110100100001100111011100101111100011111000011110011101111110100110011111001

11111101001110111100101001110000101111011000101111010101100100101100000011000110001110100000011111011001101101111
1101000010011101110011011101001000100001101101000101001110101110110111100101001101111110111001101011111010001001111000
