01101010101110111111001011111001001100001101011000000100001001100011110001011110100100100011011011110001100111111110011
1110011111101110100010001100100001001000011010100101111000110110011001111001100001011101000101111001111110111111011010110100110110101100101101

11110111000010001100111111110110110001001011100101010011001010000101101000111000000111100111011011010100101111110
1100011010010010101111010110010001111011100110100100011101010011101100111110010100110101110110010101010011110010010010110101001

010101100011100001100010011110111011111110001011011111001001101000011011110010100100000001110111111001100101110011011011010110
001000010110001101101011111000100111110111011000001111110110011010001111001110001011100001001001101001011011111111111010010111110110010

010011101001010011011110001011010001001110000010010001110110110110010011011011111001011111100110110010111101110101100000111001110
111100010110110100111001010011011111000101101011010110100010001001011111000101000100000111011100110111010110011011111100

10100100000100001001110010101001011001001111101110001111100010011011000110111110100110001011011011111000110001111011111101011110
11110101011000010111000100101111110001010011111001000110100110111110110000111011100011011101111001000011001001010100011001001100110

111101110000111100110001111110010001010111010100100010011101010010001011010001010100100101100011101101001101111100111010000110101110111111
101001010100011010011011110000010110010110100011100111100010011011110001100101001101111001011011001111011100010011111000100

0101001000010011111001100101110010000111110000111001111111010010110100100011111000100010101101001100111111010001101011111010101111
01010000011111010111011101000011000111011110001111001110111000110110001111010010101111101100011101011110010010001001

11110110000111011110001011110011100010001101011001000111100000111001111011001001001000010101011011111
0110001000110101000011011111010111000010001101101111011111100110101000010011101111010000011111111000000100111111001001
