00001101010111100110111111001001111110010010001110111001110111001101001011100001010
010001101011100101101010111011111011111010000110111100000101100

111101111100110110111110100111011111011011001001010101001100011000000011001110001101010000011100
11010100100110111111110111001100110000111111110011001000001011100001010110

0010101101011111111000011001010011111110111000011001010001110110111001100011100101
11010001101110011111011010001100111111001010111001000111100101010000101111111000010111100

011011010111100110000010111100100110010100011100010101111000110111111110
10100100101101110001111111000111010001111100010001110100

01001110010110111100010011001010010001011110100110011111000011111100111001111001011
111110010111110111001001101000101100110010100110000011101110001100111

010001011011011111001100001101000010001101101100111110101111110100000111110101110
100000001000100111000110111111100111010011101110110011111100110001111010010101110

000011110110101100101101110100111100111111100111011101001000010110101100001
10101100100101111111011100011010110110001000101011110010100011110111001100010011101100100

011010111000100001000101110101000001111011110111101001001110111100
0010000001010101000111111001101010101011110011110101110011011011

000010101010011111001001100011011110001001101100110111111100111101001111101000100011111100
0010110000111110010111011011111011011001111100100011100000110101110000011111
