11100100011011001001011001000001100000011100111111110011101100010110101110100001010010100111111001011111101110001110011110
100100011101101010011110011100100010110000101100111001111111000101101110001000101110110001000011000010101011110010

10110000010011011101101010100111111100011010011101111110111111000011001011100000100110011110110000000111101100
01110101001100111101000011100110101111110111011111100110101001111010100100001010100100110000011001101001110

01111110001110111100100111110100101100101110000110001100100110110111100100010111010101001100001001000110100111
101001010101110000101110001010001100011011100110000111011011000110101111100000100111110000111101111011111

000111110000100010100111011111001011100110010110101101110111100000101100111101110101100100011000111101001111110100
110100111111011011011100010111000011010001111110010010011000100101001110010001001011100001011101111100000111

110101111000111101000010001100101101010010110101000110100110001001100000111010100100111011111000010101111110001101100101110100111111
00000010111000001100101000010010110100010110110111110000111001011110100111011000001110101111111100111011111

11010011111001010111101110000011011011011110100111000101010100101100011001111000001111001011110010100110001001101110101000
10010110001110100110101000111101001110101101111001001110111010011000100110110001111010011100011111110

1011110001000100000011101111011010000101100011111011111101011001010110011010000110011011110001100001010100110001011110
111110000111111011010101001011011100111010010011010111100001111000100011011011100110100101000110000011001100

110101111111001000010101100101000011000111000110111110001101000110001110010101100101000100110001010110101110111111011
010001100010111001100011001111101100010100100001110011101100011000100101111111001101111101011101

100000010111100101111001010111101001101010010110011001001101000110110101001010011100100001111110001110011001111001111100011100
1100011001011010000111011011111010011000111001010001111100010101100101000100101110111100101011111000111011111
