011111101011101110001010110111001010110000001100000110100110000011111101110010011011110011111111100110010110011000110011101011110100010101101001
1111011100110101001111111010101010111010001000110001101001111011100000100011110000011010101011011111010000010011101011001

1010000110111110011001101010100111110110000010111111111011000011001110011100001101100001111010010000111011011011110001
01100001001100010111101111101001101110010001111111011000111000010001110011000010101110111110100110111001011110111001101101

0111011010001111111111010111110001010100010000010111101010001101001010011101001100011001000100110001111010100011011011100110001001011111011111011011110
0111000101011010001110011011000100111111001010101011001000110100101101001100011111001101111110110010011101011110011001110111001101011001000101110101000

001110001001111011000111101001111111111110110110111110111111110100011000001110000011001100011100100111001001010011101001100100101100010110010100001110111011100
001010110000110101111001011111100110100011010101000010001110111001011001101010100000110001111111010011101111000111001111001010110111001110010101101001010111110110011001101

100101010000111111001111000101111010101001100111010001100110011110001101000100111011110010110110010111100010111100011010011
110101011011101110011111100001001001101011101001010011000111000011100110110110101111100001100111101100010111111000010001111010000

110001010010111110010111111001110101001001001111111001011111010011000100000110010101101001000001001101011101001010111110100100111110100110011100111111000
001010000111110100011110101101111001101001000111101111100101001011100100101010111110101010101101011110011011100011001000011111001101110001101010000

1111101011011100011010011101111111111110011000001001001011011001100111110010001101010110111000110111000000001101001000000101011000111010001110
100100000011001111010111111110010010011000011110101010011011110011011110110000001111100111111110101100010001111001101000000001111001101100111011011

01010000111100101111110000111000100011110010010000111111011111111001011111010101110110010111011101001101110110110001001100011001000010101111
10110101000100100011011110100000111011010111111100001101111011111101001101101001110011001110000111110011110100000100101011101110011000111111100000101110111010001001101

111101110000111111011111101001110101000111101000111001000100111011011110110001010011001101101001100110100110010100111010100010111010010010100000101011100
1001000101111000000111110001111001010110001110011111010001111100101010100110000111010111110111010101000010011110001011110011001101011001111111011010001101

100100011001110111111000001100001100101111101111101000101000101100010111000101011111101111110100111001100010110100110110011
10100010000001111110000011001001101111100111011011100100111101010111101101011111101011111110111010110000101111010000101010001110100100010101111110001001010010010

10000001100001010010110011001110101111111000011100111101011001101111011000111101101111000111110100101000010101011000100011111110001
10111010111111100010111110100001101001111010101100010101100111011000101011101001110000111101101111101000111001001001010111110001000110

0011010100100000011111000100011111100100011111111011111010110110110110001011101111001010011001001010100001000111100110001111011010110010011110111010001
011000101101101001101000010001110010001111101010000001110110010001010111111101011000100111010011111000111111000101011110110111000111101111001
