1010000101101010000111111011010111000100110010010111100111111111001101101100111010111110100001010001001011100011110000011110110000111101
100000101011111011110000111011001011100001111110100010111001111000110100101110101111111000011101100010010010110010000101111110001101

11101000000100111011010011100101011001000110011010000010101001010111100100010011011110011011110110111110000111010111010011101101111001110100011111
0101101111010001111101100111111011110111100011001110011101101110000010110100001010111000110010001000011111101111011111100110010011000100100

10010100110001011100111101111011100101001011000110101011101111111010110110111110001110011001001000001111100010111000001000111
01110100000111101111010000110011110101001100000100111011010010100001101111000111011110011010010101100011111010101011111001011111001101011

110100010101101000111101101100100110101111110000001111011000010111010011110110010011101110111110001101010100101100100000100101110111110001101010100
110000011010110011101110100011111011000111100111010100000001111101010011011100100111101101100011111110110011000101100001101010011100101000101011110000

11101011101100101110101010011011110000110001110110110100100111000011000111111011000001001111001011111110001100101000011101111010111111100011001101100
01010011011101000101100111001000100100011001101110011111011000010111100001011100000101111000110011111010101101111111011100100101

10100111000101110101000101111011010011111001001100011001011110011111111010011110111010001110011001101001011001111000100111100010101100011
1111011111110111001011011010001111001110000010010110001101000000111111001101011100100100110101000111011011010100001100110111101110100101101110

101001010111001010111011111111010000010111101000011100001011100001111011011011101000011101001011011110011111101000011001001011
1111001111101000101000101110101100110000010011100000110111100101011001001000110101011111001111101101101111010111000001101100100000011111111011111011000101011101110000101101

11110001001110011110001000110111111100110001011101011011001011000001111001000010000010010011100001111101011111110101011110100000100111110
111011111000111111100001010110111111001101100000101001110110101101011101100010100011111010001001011001110101111110111001101011000010001001100100

0110010110010110010110011100011010000110011110110011111110111111011111010101110100110000110011001011100100111100001111011110100001001000110101000101010111
0110000000100000100110001111100001010111010111110110010011111111010101100000100111100110101100101101110111001110011110110100111101101100
