10000100100110000111101100011100110100011010011011001101101111001111101010001100010001111110100101111
11000100111110010010001000001111010101110010110111110100111101110001011101111001010001100111001001110100100

110001110101101110001110010100011110001111100101010111010001010100101100011010110110011000110010110111100111001010001111
011001110011010101111101001001010011111100110101011111010011111000011100110010111101100

010010111000001011110110011010001100011111001111001010111100101001101000111001111001110010110110011001010000110110100110111
1000011011110000010001100111110010111100000011011110101101100100010110110011111101110101000100001101111111011101

00010010101101110111100010010011101101110101001111110110110111011110000100111110000010011101001011111000011010011010011100
10101011110001011111110100011110010001100111010000010100011001101010110010111111101001111

10010111110110111111100110000111001001011001001100001010011011110011000100000100010110101101111100011111010011
11010001010110011011000111101001011000111101110110011111010100001011011000011101001001011111100110001000100110101000

111100000100010100011100001111111011010111010010101111000110110111100100110001110011101001011100110111011110111010001010001110
11110010011111100010111011101000111001100001110011011110101111000011011001001011010110001110010010011100100

0100000010001101110000010001101101010111000110111011111011001010100111011011111110010011110110100100111110001100
11010000011110110110110100111000100011101101110001000011100011100101011111011011000110000011001111110001001

011101001000101111101001000111101001000110111001100101010111011011101000110000101110100011101100001100101111
100010010010101100100110110101100111011110101011111000111100011000111001101001000101101011010
