110101101111001001001010111111110000101001101100100111100101011000011100101110111010011001110100100001011001000
111101001010011011011101011111010000111111010111001101011110000101110100010101111011101011000100011101011000010010001101001

1111010010011011010000111000111100100111110111101110010111011100110001010001101011000001001011111
10110111100011101011010010111111110000110000001000110011001111010001110110111110100111101001101110010001001010011010011010

11010110111111001011101000101100111100000100000101101000111111100111000100100011001001101110101000011111011001000011100111
1011100010100011000111100011011010101001100001010111100111001100010100101111110011101010000111110011011111

1101001000111010110111010100010101110101011110111000010000001011011111001110001011101111011001010011101000100011
10001100100111101101011101110110001011000111001101100000111110101001001111111101011111001010001101010000

010100100010011110010100001111001010111101011011000110011011110010110111101110001011111111010011000111000101000
11011000010110111001110110101100001111011000111110111110010100110011010111101011101000110100110101010001100010

010101110100111100111110001110010111110101111011010000100011011010100010110000111010010101010111111000001001000111110100
1111010111000111011001100110011010110011110001000100101000010100110010110000011101011011000110110011111011010111

01010010111100010101110000111111011101111001101000010101101011111100001110111100011000110100110010011111011000100011001010011
1000110001001111001011100111101101101010001110100100011000101101100101000000110011101111011111010000101111110010

10100111010110000111110111100001110010100011111000010011000110010011110101011010011110100010111101001110111000110100
1101010010101101001111110111010011100110101000111110111111001110100000110001100110010100101000101100111110101

1110111110100101111101010110110111110101010110001001010011000111010000010111000001011111111001011011000111011110101111100001000
01100011110110010110101011111010001100011000110001011110101111010001000100111110111010001001110111100
