11010100100110110100001111010000011001001110010000011110111001010111110000111001000001111111110010110000101111011010101
1001110101000100111001011100111011110101101110100000100111010100001110011010110110111100110000010111101011101

010101110000111110010011110111010011011011001110110101111100010011001101110000100011001110000101101001110010100110000111100010111111
011101100010111001100010111110110101111000101101011000101100101011111110001010001110100110100100111100010101011011100000011111000

1111001011011001111111010111010010110011100101011111001010110100100100000110011011001100111001111011001000101000100
100001000111010001100011010011101111101110111111100110101110100011001011111001101100001100011101110010001010001

111101110011100011111111001010100010100010110110100110110000101110100111011010010001001100011111000110110010101100011010011101010
1110011001011011010101001011010011000011101100001000110011100111011111010100011101000001001101001010011110111001111

10110010100000101111011111010111110011110111101111011100001011111001001011101110011000101110100001100001010010010100010101
011011001001011110000010101111111000101101000011010010110000001101011110000100101011111101011011001110111111001110

10000101000100011011111001100101001101001001100011010110101001100111010000111011111000111111100110111110010011101000111111110001110100
101011100111111000000100110110010001011010110000011011111100111010111011101001001111110111110001101010101001111000010000101011000

10010100111010110111001101110100001100011101011111001110001111010010011111111001010100110111011111011000011000000
011110111100001010111100111000101111001110010101000101100101010010110001100111001011101111100110101010111101

000101111110101000111011110011110010111000011111011101101110011000010000011000101001001101011100011001111111101
1011100000111011101100100011100010000011101011001111000001001110000010101011001111110101100111000101011011010100111000001111101110011111

1000000011000001011010111101001000011101001101110011110101001010101111110111111111101011010010101111000000
01000111001100001100100111010111000011111000001011000010011110010101110111110100000111011111011010110100001100101111111100
