11011010011011111100110111010000101110110001100100100010110001101010111001110010100001101110100101001110011111001110101111
0000100111100110110111001010100101010111011000100001100111000111101001101110110010110011111110000011111

011101110000101101011010001111110001101110111110101100001111111000000110101100110111110001000100100100010011111000111000101
111001011111011000001111000100001100111010010010110001101111011101010100100010100101100101001101100100100000111111100111111111

011010110101100000011010110100001011011000010011001001111101111110011110111011010100111010010101101111001000111
1010011110011101111100100010101110010010111111111001100011110100110111000110101101111100001001010000010010001011001

11000001011101011111001010001110100000110101001001100111101100101011111011100001100000110101011111001110010110000101110110110111111010000110101
11100100001111110000111011110011111110110011010010000100101100100111111011001010111001111100101001000111011100

110100100100011111011000011111110101001111101000011100011001101101100110000110101110001000001011110111001101001101111011
101001101000101001101000101111110100001111101100111111001001100110110001000111011010111110

1000001110111000011110101011011011110011011011110010101110110110010111001111001101001000011001001000100011101
10100101110011110111001010101100001011100011111101101111010011010000010010001111010001101011000011110110110011001011100

11100011100111100101110111010010100101110111100100011111111110111101100100001001000010101100100000001101001001100110111110
0100101001101100111110001111010010000100101110010001110110100111001110111000110111100010111001010101

000001111000111010100000110010111001101001010100101001111101101111011111010111000110010111110010011011000
01101110000111101111111001101101101010110000110100011011100011111000101001100001001000100111111100000101100111100101

10001100101011101100101111010110111001011000100011100011011101111000001010011110011110000101111111101110110100101010
1100100001111110101010010000001011100011111100011100111111110101101100010010100111010111100000111010101001110

0110010001010101010001110011110001011100011011000111100101001110111010110000110111100001001110000011110010000110011110111111101001
110101111011010001111110100010100111100011101111101010110000011100011111001101010110000100010101101000
