10000011001100111110001100011100010100110000011000110011110111110101001100011111100110011101011001111011011
1010110100111010110011101010000111100010000100010011110101000111101111101100111010100011001100001000100111101010

1010010011110101101101110111001000001111100011110011001101111011111001101110100110000000011010011011111001010110100001
100011101000011001101001010110110111000111110110000011000111011110001011101001111110011100011111011001

1110001100110110101111111101101100001000110010001001111100011111000011000010000010111001011001101010101101110011111001000101111010
0100110010111000111100110011110111101001010110011010111001001001101000000110000010001101111111010011010101110110010

1011011111100100101011101110000001110100001111111010011110110010100110101011000110111111110001010001100
11001110000111111010101001101000011111010101001110111111001110110111101000010101010011101011101000010001101101010110

01110111001000011001010001011111110011011011101101000000111000010001100100101100111010111001111000111011111011011010110010001111001
1111100111011001111001010010000010011101110001001101101100101100010001011101011111000111111101101011000110111001001101110

0010100111110001011110001010101001011001111010101111100010011100110001111101000110000101100111111011110010011101011011000
00001101000101100110100010111000111110011011110100100110011000111100110101100101001011011010100001001011011011111110000111111

00110000110001100111110110011110000111100010010100110011111111011001011100110101110100001011110011010111100100010
11001010001001111111101000110011100000101010111110101111111000110011101110000010001010001111011000110001111001001011100

00000100010000111100011001100101101111101111001000110101001110111000101010001110001010011010001110111111011101110011111010111011100001110101111
1100001001111110010110111000111110011000001000110101011000011100101110111111001001010011111011101010000101

1100001100001011111100011100101101100100100110111011111110100110011100000111101001101010000100111111101111100001110101101100001101
1000010001111000101100110100111111011011000011111011011011011000110101101001100110111011100111001111111101000100001000110000111101100
