10101111111000101110111010011101101011100011000011111101001000110001100100110011010011
11010100010010011101100001101000100111110001100001101101010001011100110111001110101111111110

0000011100100001110101110011111110111010011010000111010110001100100011110011110110111011011001010
1100001111010110011000111001101101110011011101101111101001111010100111110110001010100010011110110010001000010

010011101001011111110001100110110101111011101000000001100100011110110011111010110001111000100110
00110010111110011010101111110001110010010011001010110000110001110011011111010111110101

01110011000010001001010101111011111100010101101101100110011110001110001000110001011001001110101111001111110101
101101011110101110010010001011111110100011010011011100000100111111011100110000101

0101110001001101000101001110000111000111100101101001011110101111111100110110011111101100000001010010000101100011101
111101001101111100010111001010000101010110110100001100111100010001101011100111011011

10101000110100111111011101001110000011100111100110011000010001011001011100001110101110111101100101
001011110001111100010001100001111100100101011000011110110101111101011010111001110110100

011000011110011000000100100001001100011110110010010111010000101111100101110011011011111110110001101010111001101110101
100100111101111111011000110011011010010100010011100110100111110101100110001110000

1000111010011110011101111011010100100001000011110101001100000110110111110101101111000110001101001111001
11001010100101100011111101011001110100001001111100110110000011000110110011000100011111001011111

101111100001001010010010111111110000010111101010000100011011001110011010001110110101111100
01001111101101010001001110001100111000100111001111000110101000101111111101110001010100111010001001

1011010100011111101011010001001101011111010001110000110010010110010010001101110001100110001111101100001110010111
101101101011111110010001001011111011101110001111011000011001001111001100000011001010110111101010
