101100110111010011101000110011000100101100110111110010101101001001100110010010001111001100001010011111111111110000
101101001110001010011001100100011001100111111111101001000110100111000101001101110100110100011111000101011000101110110111001

1101000001100010001001001101110101110111101101000010111010001110111011100010010100111110111000010111111
1110001110111111010001010010011110100110110001100010110010100111101001001110110100110010001000111111100

11111001001111101010110011001001100010010110101001111110001001000111110110000011010110001001111001110100101
001011110101110010010001001111000011111010010010111111010110111100110110001001010110011000000110111111010110111010000110

111101000010011100011111100011110001110101111001011110000110110000111001010101100101001101110011010111000110101000011010101
0001010011111000010101111011011001111010001001111010101110010011000111011010000101111001111111010000110001001111010

1001010011001000101111111010100011110111011000010111001010001010110101110010110011101010010101001101100011000110110000111011111101111100
10011010001101111111001110101001111100000110111001010101100001100101100001011111000100111001000100100101011110

011101101111101110010001010011011011101100100100011000000001100101011010010110011111010011011011111001000111101110100010011100011110110
1101001111111011001101110010010010111110011110010111111110101110110011010000101010001100011001101111101000100100111000

101101110000010011101000111010100101110101000111110010010111111011011100110010000011111101111101010100001111101101100010001
111011001101101001110111011011000111101000011011011010011111111010000111001011101001111101000001101011000100000010011111

011010111111001111010110110110100111001111011100100010010011000110010010101101111000010011110101010001010
000100000101010111100111011001110101101011010010101011101110110101110111000001011010111100111001001111100111011100101100

10000011001111001101010101111100100011101111110011101100100101001101010100011001110110010000110110110001000001101111000111010111
1110101001111111000010110110011011100111111100010111001010001001010110000111000110000011011000101011010001100110101010

011001111100101110001111010001101011101010001111100001000111011000110111100111000010000100110110101111110101010000011011111010
1010011011111100000111010110110011000111100100111110111010001101011011001001001000011111001101011100100100111101000
