10110000100111001110011111000101010011111001111011011010001101100101110001101010110110101110000001001010
10000110111011100011111010101001110110001101000111011010100011100101001111000111111101001101101001010

101101111001000011111100011000111110110001001011100010011110011010111010001101101010000101001000110111000110011111110010
10010100000110011111000010111100011101110110001110111110001110111111011100011010101111011000001011010111000010010101010011

1000100111101010011010011001011111000110100101100110101010000100111110101101111101010110010111111101101000001000110011010
111111010101111111001000111100011000101011111101010010111001110100101000001101100000111000111001001111000101100110011011010

111001011010011000010101100001001011110101100011000100011110110000101101110110001101001010011110001111111101
1011101000111000100110001011101011011111000011111101001110110011100110110000111011000011100

1000100100001111010011010111101111000101110110001011111000011111101011011101000110010000001101010000001010011101110001001111111100
10010101101101010001111100111110011000001111010111010110111011111110000000011110001101001100000111011000110011

0111001011000100010000110110011001101111011010001010101011111100101111110010010111100101011001110001101100001100011111110
110000111001100111010001111100110100010111001001101101011101111111111000011110101101000010101010011010

00001111111100100001101001110011101101001101110100101111111100111001110001000111101000001111010110010010101010110100001110110110
010110001000011001011011100100001110111011110101010000111110111111101000100111100110111011001011
