100011010110001110100011100011001011101000100100101101011111110000110101111100010101011011011
01000110101001100111101000110101001100111111100111110111010001101

011001111001011010111011001100110111100101111100111000100001010000010111001011111
1110100001111100100111010000111110010010111110011011001011010

10001101111101111010001011011101101011001011000001100001011111110100110101100011111000100
1010100101000111101010111000111000110001111000111110100001111000110111010001010011111

10011010100010010101011000000010010000111001001110110100011011111001011111011100111111101011011
1011000111101100010100100101100110011011110101001010110011111001011010001011111000011111

1011000110100111111011100010001110110010001010111111101111000100010111010101101000
011100100100101111111010111110101100100101111101001001000001101000

110101100001000011110100111010101001100101111101010011111100100000101100101111011
1111111011010000101100100100110111011001010001110100010111111100101111011110000011011010011010

1000111110111010011011111101110000011100010000001111001000101111011011101000011110110
11010101111000010010111001011111100001001101001110111100101111010111001101100

11100000100111110111010110111100101011000010101100111101110100
0110111101011101010010101000111010000110111001011011000110100111110110001110100110
