01001001111100011001011100101001001111010101100111001101010010001101010011101111011111
1111001010110101100100110100110110111100010111001110110001110001000100001001110010011110100001011110011011111

00011010101101100110111100101111101111110011101101100011100011001011111001001100100001110001101000010
11010000101110000011011100001111110011110111000010001111000101100100111101000101010001011110010100001100011111011

00000010100111110101111111010110001101110011001011001000101111
11111100010111101100010110011110001001110101100011010101101101100011100110101111000100

100000111101011011111011110001010100010101001110111110001011010111000010110011000
1100001101101011110111111010100010001011111000110110000011101001100101001101111001001111011000001110

11100100001001111010110101100110000011111101000110010100011001010001101110001101100000010111110101111101
100000001001100101111010101101110000110001100001011101101001111010110011101110000101111110001110

000011000111011101011000010111111011100100110100101100111110101011111010001101110010010100110001
1000111110001100111100011101111110001011101001010101010000111010011011110101001000011110

1001001011000111001110011010111111000000011111001110100111011101100001001110011110101
0100100111110011101100010100101101110110110111001010110001101111001000110100011110010101

00010000110001110011101010101010001100000110001110110011011110100011111011100100110110111110011001
000000101011011000111110100111000011111001001100111111010110001001111011011100011101

0110100111110011100000111000001110111001110111001101001011011010010101001100010011110101
100001100101000101011010111001010111000110010110001011110011110111101001110100101000100011101101

101011000000100111110110111101000111011000001101011001101101110001111100001110011101
010011011001110100100111110101010011110010011001110100011000111101110111111110011000100110111100
