01110011111011000101110000100111001000100011111110100011110011010111110100110011010101110000100001011110100100010110111110
111101101011110100110001011110000110011111000100111010100010110100101000001111100011010101010011111010100

1110010000111011000111111001011011010110001000100100100110110010000111101101011011101101000000011100111111101
1100010010011111111001100111010110100000100111100111011001001000111101101101010111100010111011100001000

111110100011111000110101100011011100111101001110011011100111000000101101001001110100111000001111011100
1110001001111101001110010110111100010110001101000110111000001001110000011101101000001011111010011111110100010011111010

010000110101000011101001010110100011110111100110001111000110000011101111101110110101111110110010010010110111111000101000
11010001011000110111011010001001111100110100010000011101011111110011011100001010000011001100011100111110010110111111110

1010010110100000011100011001000101000111101010001101001011111111101010000101110101111010011011
101111001110101101000010010110100101000100101100011100000000111001110111111101110100011101101111100000110111111001

10110101001111110000100101101001100111010101011000001101011111110100001010011100000001011011110001111011111101000110111
100110000110001010001110001111110111110111010101010010001011101000111111000111000110010110100010010111101111

00100010010110111000011110011001011101011111110111010001101111100111010000011000001001001111111100101100000101110
1001101100110011111110010011011100110110011110100001100111110001011110011001101001010111111101000011001110001

1000110001011011001000110110111110001001001000010111111010001101011111100001111011100010100100111001001101010
010100001110001110011010010111011111100110100101010110011000101110010011110011001010010111110100100011111001
