01001110001011001000010001101110111011100011111100000110010101001101011000001110111010101001111000111111000101
011001111001101001101111010101010111101111100100010010010110011101010110010010010011101100010111001111101110101000010001110101111

101011010000001111110111010111011010101101110011101001000000011111100101100100111001101001010011111100010001110000111
111101101011110100110001011110000110011111000100111010100010110100101000001111100011010101010011111010100

01110010101111001100100111000011111100101100100000000111111011000001111010101100111011100011111100001011010110101101101
001000010001100101011101111101110000101101100110111011100110011100111101010111111000111100100110010110000101110

11101101110110000111010011110101100100101101001001011101001101101000001010100000010110110111110000110110001111100
011101010000100111101101001101010110011100111011000001011110001010001111011001000100101011111110000100111111101

1010111011010010011010010011101111101001010011111000010110001100010010100101101111111110111110000111011010100100001100110111000
011001001000110101110110001101011110001110110111111100111100100010010011111011111000101001001111010110100010000101110

001000010011100011110011111101000111110001001011011011101010011011001111010110101011000111110010111010111
1101011100111101000001110110000110000010111101100111001101110111100001011010010101011011000110011111110000110001111000
