00110110110100110000110101111011110000100011111100101110101101111000011001010011111001101101111001001001111000000
100110101011100011101011110000111000110000001111101111100101101001010110110011000001101101001110011101

01001111110011101001111111010110000010100111001111010101001000101011010111100000101011010011000110101111000
1110010010110001011011000011111111011101011111011111101010011000011010001010010001000011100011110001101111010011

101001110111010110001111011011100100101000001100011110001100100010100101111011111011000100100111010101101111101
1111110001010011010110101111001000100000001111100100101001011110100110100101001110001011010001110001011011100111011111

111010101000100011101011010100111100111011000010010000111110111000001001011100110111101100010010101011110011001101111010111100
0001001100010010001111100110101111101111101001110000011010001011100111100101110101101111111011011001011000000

11111000100100011001000000101111100110100111011011111000000011100111100011110011100111001001111000101100101011101
00001100101101000111010100111001011110011010110110001010111111010110100111100010111101111010011100000001100010011110

0110011010110100010110011101101101110111110111100111011101111101100001001000001011011111100011011101010000100100011101011000
10101000100101000010011011101011100011100100100011100010001100111111010101111110010011111011010110101110110011110000

111110111001101011001001001110001100101010111011011011100100111000010100011110001010111111110000110110010110
111010110001111011111000000111000001110100011010101100100001101110011111001101101100100111111100001010001100111011100

011110000111101011111001110001001011110011100100001110010011111011001100100111001110110000100110000010101110111010101101
10000001110010000101101011101101011001000100111110110011111110011101110011000100001001111110110100011110

11100100011111110100010011011110001011011000100111000101011111100100111100011010110001100101000100101111101
1111101100100111001111111101011001000010001000110100100111110110011001010011101110000111101100000111100011010
