111101101111011010010110101001111110100011010010110101001100000001001011011011010010110111111001110111001101001000000
10110111101000101111110011010001001011001101000111101010010011101111111000011101101110010011111101000010100000001100110010

010011110100110110111011011001111110100001100101011000011111000001001100001001111101100101000010110011110110100001111110101
01011010010101000110000111110101111100111000101100001011101011000110101101111000111011010111111100100001000110011

110110110001010010011000100101110000011011000011100100001101111101001110100111111000011110001111111010011101110011111
0010000100001000010011000110111110111010011111101010010010101000111111110101100111011111011001101001010111000111100100

1001001111111010011100001110110111110010001100000111011111010011010011100101010011110100100010110110011
101011100110000011011110001101011110000011110001111111001100011011100101001101000101101101011111100

0010001111010111001101111111110100001011101011100100010100111001100111010111000001100011001101011110001
011001000101110101101010100111011111100001101011110011101001010010100000110001111101100011010010011001110001110011111110011110001101

001001111100011100111001000110101010001100111111111001010110010110011010111010110110000001100011011101111101100010000101
10001101011011100110000111100011100110110101110001000010011100011011111011001001111000001111000011111101101101011011000

0011100000000001000111110110001010111111011111101100101101010010001011111000000111011101011011000110110111110101010001
1011010111011100101010010100010111100011001001111100111110010100111011110100011111000010000011100110110100
