1000000001100010011100011010011111110010110111111001110100010101011111000111100111111000000110110100101110111101100
110001100111011111100101111110010001101101111010000010010111101101010000010110100111110100000110011110111111000100111010

0000110001110011011110001100010000001011000010110100110010111110011010111011011011100110101100001111101110101111111010001
1110111000101110110110100010111101110111011011001011010010001000100101111001010000111110100010111111001011110000011001

11100110110110110110001101100011001011011111100011010001111100010010100111101001100000111111010001100010100001111111101001
11111101101011000100001011100011001110010010111101111100111011000100001101010111100001011100100110111

100101111010011110100010110111000000011010110110010011101001001001110101101110011000011110111101111001110011
1111000010000100101101001010110101110101101001111101111100101111011110100011100101101111010010000110110000001010111111001010

1111010000111111101111010111001110001001010010110101000110111101010011101010000011101111100100011011011000100101111001010000010
10000100100101001100101011110111100101111111101000110000101101011011110001001110010110110001011100110001000101111111

1011010111100000110011110011111011000000110110110010001011111000011110011100011111101001110001010111101100111000110110001010010000101011010
1010011011111011000101011110101101010000100011110010110001100001111111100000100111100111110110101100111010001101

1000111111010000011100001001110001000001100010101111001110110110111001111111010010011011001100110100110111111001
101101001101011100100111010011001000000101001100011001011100111110101110111101111110000101001011111111000100100101111000110
