101111110111000101010000111111011101011101100111101100001001001111001100101100011100110001100111010000110110000110100100101
111101110110100000101110011010000100001100101111001100011011100101100100111111100101011011111100101011011100111001101100

0101010000010111010100101111010011000011111011110000111010000111110011011011100001111101000100110000010010011101111011011110
101011101101011011001111110110001001100001001010000100011000111011101111011011100101010011101000110011010110101001011110011

111110110100000101111100110101110001001110000100101110110110100100010111100000111011011111001101111010011100001111101011100
1000011110010001110001111100110110010111111001011111001010011010100101001100011011110100001110101001110100111000101101100101

110001011001100001000100100110100111011111100001011110100100000101101111100001100100111000011010111111111011101001100101100111
110000101111111010010100000010111010111101101001100111101111001110001001111000010010011011011001110000110111001001011011101010

10110100011000101111110100111101110001101110000010011000001010111100001111111000110001001001110101100000101111000101111011111101101
01110111100010001111100110010001100100111100100011011100001011100001101111001011101011111100011101011010010110111000011001011010

01100001110001001010111000001001111010101011111001110110110011001101011010100111110001111101
111101100010000111001101110100010000011100010010001111001110111011001101111110001100101001110100100111010111111010001011111011100000

110000010100111100110110000001110111011110101100011111011011100110001011110111010110001001110100001110010011110010101
1001010011001011101011100111110100101100010001111010010101110011011110100110001100100001011001110101011101011111001101001100100

100100100100000110011100111101010110001111110100011110111110010001110000101001101101011110101100010011010011111110
000110000100101100100010111101001000000111011110101010111011011001110100100110100111111111011001100011111001101011010010110001111

11110011110000100100101110100000001011110100101010010000110000100011101101001110110111011010111100101101110000011010110011101001011111
1000100111001100111110010100000111110010011111010111110010001111001000111110001011001001111010100101110100101011111010101000

11011011010111001111110110001010011100010011010001110101101000111111010011001010100001101111010110100000111111000111001001
011101100011111110001011010001111001110110100010111110010101011110011100100010101100000110111011011100011000010011110101
