0101011001000000101001111101000111110010110111111011101111111110100000010100111110101100100000110100110111100101
111100101001011000010011100010111111110101000111011110110011100011100011111001000110001101101111111000101

101001111001100010111001011011110111011001000110101001001101000110010001101101100111110101011
11100111010110001011010000010100010100011011101111001001010111000011111110101101001001111110101011

0001000010111100011101010111001101001110011111001011010101001101011110000011110100111101110000110
101010010011001111101001111110100011010111000011110011001100011010111101110000110101100010

11110000010010011010001100111111010001101111000001011100110101101110101011001100100011010001111100101100010011111111
101101010001110101110111011110111110001100101100011110011100001001001000111101110010111000

0011001011011111011100110111110111001001100011010101101101001111101101110001110000001111011000001001110100010001111
1111010111001110011011000111010111101110100001010010011011001011110001000110110010000001000110111111

10010100111100011110010001110011001010000001000111001011111001011101001100101110100110011011101011
011110100001111100111001001010101010010111001101010000110110110111001011110001100001111100111

010010110111100110010010101001101011111001111001100110011111000000101111001101010010111000
00011011001100000111110110111001011001110100011001111001110110100011010101100111000111001000111110000

1111011001001000110111010010001010110011101101010001010010011011000111110011010110011111
011101000010110110101000001010101111110001101111000011110101110001000111110111111000001110010101
