11100011000101110101100010001111111110010111000101101110001100111000100001011111010110101100101001011100011000101111101010100000
1100010010011001011111111010110110001100010010111101001111011011001001010111100101101111010011100110101000001

11111001110011111111101101001110010000110010000011110110111001010110111001010011010010001011100101000011011110001010011100011001000111010110
011101011000100000110111011111000101100111110101010011000011010010000011001100111110000101011111110100

1100111101110011111011100100011101111111010110100010110100100110110100101111010000101000011010111010001100110100111010111001100
01101010010001011101000010001111110001010111110011101101111110001110110001111100110110011101000000110100

110001001000101011010011101000011110100101111001110011111111101111001101001000000111010110111010000101010101110111110110
1101011110001011100110101100010100111110011111001000111110011010001011101101000101010010001001101011111100110101010011111

0111111110110101000011001111001000011110110101010101001111001000100011000110101110110110011100101001000011110111010
11100110111011111001000100011001101010010001111101110110001101011111011110100000101010011100

01100111010110100011101110001101010101000110111011111001111000001001011000010110101111001111001000110100010101110111
1001011011110100101001101101101100011110001010001110011101001001110000111101101001110001010000110101110101110111110010111010111

01011010010111000010110001101100011110010011001110111101101010110011110111100010111100001100110001001
010010100111000100000111001101010111010010010110111011111001000100111111100010111001111001111000111111100101110

0100011000111110110100100111110110011100110111001111011010110000001010001101100101000001111010111000101111110101001
110101110010001101100011000101111010111001000111110101110000010111110001010110011011011010100000100111011000110101111011

1110011101110011111100010011101010001001101111110010100110010001011011000011101111001010011010
100011000110010000011110011010001000011101110001111010111110110111101011100110001100011111111010011010111001000100011011110
