001101010011100100011110111110100101111011100110001101011010100111001001100101011101111111001001011011001100
101001111011010110000111010100001101001101111110001110111100001101000100100011100101110000101011011100100110111111

1100101110010111000011110111010110000100010111110010001001111010111011011111110110101110001000001111111010001000
111100001100011110110110011101010100100101110001100100100101110111101001011110011011000000011110111110011110

10100110010011010101100110000111101111101100100001101111011011100001100000010111111110011010001011011110001
1101101100010111100001000111001100001111111001110101100000111010100001111101011001111011111001000011110101010010

001000100001010001110001001101101101011010111001001001100110100011101101000111101001111101111110111111010001
00101101111001001100100001011100100011001001011111100011100100001001011011010100111011011101000100101101111101111110101110000010101100

00011001101010101001111000101110101100111110110110111111001011010100011001111000110100010010101111001001000011110011011111111000001101
1110000010010100001100101101101111111110010111101010010011100100111000010001101100010001001001100010111111000111110111111100

1101010110011010000110010110111011000111110010111100001010100000001100011110000110001010111001110110011111110
001011100100110010111111010111101110111011110010001011101010010011100101111110111110010000011110110110011000010110000100000011

1111010110111100010111100011000110010001001101011111101011001101110001001110001111110010011000111010001010011
110000001000111100101101111110111010101001100011110100101111111001000010010011001101110001110110100101111001
