1110001011000110111100100000101011011111111011111100010001001110010011010001000111001010011110011010110001110111000100011101100011110011100111011101
11110111010111011001001101001001100010011111011000100011000110101011001111001110010101100100000111111001010101111000001010110110110100

0100000011111000011011100101001001101100011100110111111111001010100000011110111011110100111101001110101100001111100110001
0111011000000101111101111001110010011101010111110110101111110010110000100111100110011101111100001010111011000011011010000111100000110100100

100001000111011011100001101011001001001011001111101100011011111111110101000010111111010010110000101010001011111100100111110000111001111
1110001110111011001010000111000110100101000011110110100100000111011101010111101000011101110001101011110001100011001001010110111011110011111

1100101000010101010110010011111100111000111101110001111100111001011011010010000110111100101000010111011100110000110011101010100111100111100100
11011110100000011111001111110001111101010010110001110100011111100100110000000111110010001111001010110111010110110000100110010001111011101110011100

1101111101101001110100000100110100010001010110100000110111100101011100011101001011100011100110111100110011110001100101010111
10110011000110110010011101101011100010011001011001010011110011101100010101100001000110110001111101001100111111100010111001111110

110000101001100110010111110000011100100011111110011001111001110010111110010100101010011010101101000011011010010001110100011000100110111111
110101010011011110010001111111001001001110001111010011111101010001011100111110110001111000101001000011000100110110001011111100011011010101111100

1101100101010010100111010011000111111001010010000111101000110111011000010110111110111000111011011111100110100101010001
1011000111110111000000100010010011000101101110000101000011111010111011100011011101101111001110010011111011011101010001101110110100110001001

00010011110111110100100011100011111110001100100110001011000011111010011011111010000100110111101000101011010110011010
10001011111100011010110111000001001111100011110001101011100000111001110101001101000010110010101111010100011010110011001111111010101
