10101111100011100100111010010000001101101101011111011110101011101000000101110100001100110011100100011111111101010
10011000101100011001111100011001101101010111000101100111011100010000101110111110011010101011110110

01101001000111101100100011011000100101011111011010111001101111111000100011100111111001110110000100110100010
11110011000111111100100010100010111011010110011010001001111011110111011011000101001110011000101011001011010000

1010111010111011011000111010111100110010010010101111101110010010001110001010000111001111111000101111010001001101011
110101110100101111111101111100011100011101100011000000110011110011111100110111101010110100101100000100111001000100

110001001011101100000010111111101001111110011000100111110000101101011100111101000101001010101111001011000101101
1110110010101110010100101110100110001100110100001000101010011001000011101111100011111110000101111101110011011111101

110011100100100010110010011001011110111011111011100001111011000011001100000001010101110111110011110001011011011010110
1010100100010100101111110010110011000110111001101111100111010111001111001010001110110100000111101100110

1010110100111101110011100011101110110100100011100110011101101001000001010111110100100100111111000101101100000100101011000
1110000010010100001100101101101111111110010111101010010011100100111000010001101100010001001001100010111111000111110111111100
