0111101000101101111100100001101100010010100011111100001111101110000111001011000001011101011111100110
000010111000111001111011010101110001011001100010000111001010110101111110111110111111100111011010000010000100100100

1000001111111110001000100110000100010100111111101001010110101010110010111010011110110010010010010100111101001100101010110111100011111101
100011011011001111110010001100100111101011001110101000101010100001010110010110110011111100011001110001111011100010111

01000010000100101101111101001110110010011101110011000110011100001110001001100001110111011010110111101001111010111010100
010101000001111101100110101001111100101011001111001000111000000101101101011011100111000110101110110101

11100111100000010011001001010110110110101001001101000010001111100101001011110100111101101011111010010
011100100011111101011100001100101001100100101010011101010011100011000111111011000111101011100001101011100001110111111011010100100

010111000000110101011101001001011110111110101001100000100111011010010100011111110111011001011110100101110011011001110000110010101
0110110001011110011100111010101001101111010101000111100010100100101111010100010011110010000100001111111010110110

1000001010001111010111100001110010111111001110111110111001101010000110100011110110000100010110000110111101001
10000011001011110101000111100001101110011101101110111101001111001010100010111111101010001111100010001101001001

1101100001011011111001100010110011011010010101001111001101111000000010011010111110100001100011100000110111011111011
0100101000101011110110100111100010111110111000011000110011011000111100100011101110001001111011011110100

110001111010001101110011000100101011010111110101111100010001000010010111101110101000100110100111101011110111010001111001
1101010100010100110111110011101100010110000011010100111100001111110000101100101011000000011111010111010011

11110100000110010011101000100011101001111011011010100001100001011011100010111011111001101100101110001111011101010100
1000011110011110111100010011100101101001111010111000101111101100001000111001000110111011011

011001001101101010111101100001110101111001100011110100101110011011100111000111100101011100101110001000111000011100100110100100101001101
10100101011001110111011100110110111100011111000001110001011100110100110000100100001111111010100110110110001000011110010
