110011100011100010111101001001101001101111011100110111111110000101011110001000110000101111001001011001001011010010011001010
0110010010111100111011010001111010100110111101111101111010000011101111100001001111001101110011010000001101010

11011111000111100111011001011000011110001011011010100001000001100111000101110011101100000110100001101111111101111100011110
0010000110101100110100111000011110010001111010001111110110110011011101110010101001000011010101110101111011101001011111

1110011010011101100001001010111011001101001001101001111101011111111111000111001101001100001000101110011010100011101101001001010101
1011100010010100110001101010010100001100011110001100111000101111001111010100111010000001110010111011111001101111111101101101011100

01010100111010110100001111011000110111100101000111101110000110111000110111100010011001110111001011100001101011110011100010001011
1010010101011110100011010011100000100111011100011110111010000011011001011000011111011001001110001100111001011100111111101

01001101110100111101100000110011011111000101110011110000000110011111010011111011110101000001010011101101
1011010010011010111001111111001100110001001001110100000010110111011011100001111111010001010100011001100110011111111010100100

01100011011100011100100011101110101000100111001110010001111100011111110001011001111011010100010010111110100101011011
101001010111100110111011101111011010001000011000110010001001111000110110100011011010111111001001111001011011110001010

11100101100000110110111110011110010100101000110010100000100111111100110010010011111110001101101100100101000111011101
111001001011110010110100000111110010100011101101111000100011001010001110011000110100110111100110111101111010001010

0110010101111001100101101010011110110011010110110110011111110010011111110001011101000111010110101101100000001010111000000011
011000101111010000001111001001001110001100111110101110010001001100111110101010001010011011010100111101100011111011101101

101000000100100000111101110001101101110101111111010110000001100001101110011100101100011111110100110111001001101011111
101011000010101101001001111101001001111111101001111011110000001111010101001011001100100100011010111111010100011001110100

0111001111010000111111001001110011000010100100111110111111001101010001001110011101001111001010010110110001011101011101
11101011000001100111100011011001000101001011011001101010000101011110001010111111001011001001011110110011100111011

110001101100101000101011010011111001110001110101001001111101011110100011001110100001111110100010001110101100110011110100101
101001010111111010010111101001010000110110101111100000001011110000111101000011111010110111010000111100000011
