01001001011111100001110101000001010110110100001111010100011110001001011010111001101101110111111101111110000100000100110111100110110
01100010101110110111110001001010011101001100101110011100011011111010001110100011110110001111011001011100111010001111000110011100110100101

01001010011010111000110111111000000010111001011011100110000111100101110011001110110111111101111000001000101010100
0100100111111100001000110100101111100111010011100110110100010100111000100100111110011111101001011001100010101111100

00101111001011001000110100001001111101110011111100100101100001001010110100000110010110111100011111111100100011010110011111111010
0010001100101101110000010001101011011101101100000100011010000010110110111011111000001111111101010100101110011000111101011110

01100010101101111110011011000110101110001011010011001110010011111110101000101110111001100010000111010001010000001101110100111111101010
1100101010101101100110110110000011001110101010001011100010000011111111111101100101111101101101000001011111010001011110000100011001110101101011101

00111011001001101111001101100001110111101010111001011011100111010101100101000111110110101000
111101010000110110111000011101111100001101010101100000101111101110000100101111010100001101100011010100100111111011

011100100111010000111111101110011111011010001011111001100010011110000100001001010110100110011010011001111101010110001010101101100101111000
10111001111011010011111011111111101100010001010010101100000101011000100011000110100111010011100111110001011000101110011101111001001

11011111001010101111010011100100110000011011011110011111110100000100110001011101010111101110101000010110010001110011110
1111010011000101001111111100101000010001111010100100101001011110110000100111010111101010010011110011010011111001110101001111000001101111100001

0011000111101110100011011111000010001100001101011011011100111111100011011111100111100100101001011000111011001011010000101001
11000111100011110011011110110100100000101011100001010010101000110100011101111000110101111001011001111111001110110010101100111011
