1010011110101011011100100111011010011100100001100100010111100111110101001000110011101011011
000110011101110011000110011111011100111010101001110101101010001100111001110100001101001111100110111110111101000010

1000111101100100011101100010111001000100000011000111101110001110111011110100000100111000111101110011011011111101010
1100000100010001010010100111111010111111011100111010010010110001111110001101110000111100011011111011001111100110010111001010

01110011000101001101000111101010111001110100010101011011110000100111100011100101100001111111000101001100111101
010000001011000110011101000000011110100011111110010000011101001101011110011111101001010110111111101110

10010011111010011000101011110100100010101011110110001101111000111111100100011100001011111110010000110111010000110
00110011111100100011101001001011011110100100000001011111100011011011110110010101110100001111110000010111110110100010001111000101

110101101101000101100111100111000110110110001110001000101010101011110011111111010111000001011111110001100011001001101111101000
0010111100100001101101101100111001011011110110010001111011110110100101010111101001111000011110110000000

01100011011100100010111110011111010111000010001000001001110111001011110101110110110010011100001111011000101011110001001101011101111
000010111100001110111101010010101000110010110011010111010011100011010111000111111010111001

01101111100101001100111111011000111010100010001100011101100100111001111101110100011111101010110010101100000101000100101101110110
000100011001010100110111010001011111110101101010100011110011110011001101110000011100110101011011110011001
