1011000000110000101101100100010110010110011111101110110011111011100001101101011001111101110110101010001
1010110110010101100011101110100101011110000111010110010111001000110000011111111101011111000100011100010011010011

000111100100010011111110011010100010101100101111110101011000110011110111001101000101100001000111111101110101000001
111110110010010001110010001011001101101001100111011000100110100001011110010011101100110110100111111111100

01110000011000011001011101010111000110101100110010111111101000101001011101100001001000111111011001001110111110001110
00000011110101000101110110111001111101101011010011001100000011110101000111100011010110001100111110101101101100011001

1110010110011001101001001010110001001000101110111110111110011011100011001100001001111100110111000111101001011011101
101001000110100001010100001011100001111010111101100111011111110011101100110011110100110010100011111000110001001111010

101101100111101110011000101010010011000110000111110000111100101001101101111100110001001101101110011001001110111100
10101100001011110110011101111010000110000101011111110101010000011100111010001101100101001101011011101000101111011010111000

1000010001111100101010011010111011010011110000101111101010010011111000111100101100110110010001111001011011
101000010110010101101000001111100101110011001101000011011001001110011100101111011011001111110100101111000111011010101011100001001111

111010111011010001101101101001111001111011000011111010010111111100100001010000100110001010011111001011011110011001001
11001111000111110011101110000010101011011001110000010101101010111010001000100110110111110100011001111011001001101000110101110100011111010

110100010100001110010000110100111111101111110100001101111001111101011100100101101100111011001011010100010100011001110
1000010111110001100011110010111010010001101111001011100011101111101010011100010111010010001011010001100100110001

1001001111011101010001110110011001011111100110101011011010001111111000110001000010001111101001110001000111001010011
0100011000011110101100010010011111011111101101000001010001111110011101111110111000111110011001000111011010000001110100101
