1100010100001010101100001011011001101000111111101111101111100111101011001100101100110100
01000100110101101100101110001000101101000110011100111111001001111111011001110010100101100000100011100111111101100

1011001111000001011100010101111100001100110000101011110110010101101000011110011100100101101110000110110100011111111101
011010001110111101010001010101001001001101011011111110000010110001001001111101100110011110110001101000111

111101111110110000110011111101000101101110100111111111001001100000010000111011010000000111011100101101110110010101001100100001
0000001110011000100011100001001110111101000111110111110011101100110111101010010100111011110100

10010001010100010110001111000011011011100111011100011101111011001101010111010001001100000111101011001010110011111
110101010111110110001101010011111100100101110001110001010110100100001110100111100011101000010111000111

0100001001001001111111110100010111111001101000001010110000101011010010011100011110111100110001000101011001111011
001011010111100010011110010011111010100000011001011110100001110111001011111110110110110101110010110101

10110001110011101010011111101101111001001101101001101101011100000110101111001111011110100011110111001000011000000111101000101110010
00101100011111100101010000010011101101011100011101100011110001010111111011000010001010111010110011011110111100101100011

000001101011110001110110111110101010101111100100101101111100001010101111001001110111110001011001111001100001010001
001000000010101001110011101111011000011101111101010111101001110100110010111100100000100111001110110110110011100010110111101001110

100100000110000001111101001111111110101111010001011010011010101111000110111000101011001001010001100000011101110101100011110011010011
1001000001100011110000101000100100011111011111000010001010111111011011001101010111001111010110010111100111110110011011
