010000000100111111000111100010010100010011001110100001001111001111101011001110110111010000101110110111110101111111110100110101000111011110010100101
0101110010001001011000101100111101100011101000010111010001011101011011000000010001110110110010111001000011111000010011101100110111110111111101

1010010110101000111111101001000101011001001011100001010111100100100010101110000000101011110111001111011100011
111101000011100000100111101111100111100010111001010111100101100101100110001001111010010110011101101011010011000111100

110000000110011100111111001001100110110100011010110101111001001011110100111000011100011101010011100110110111111010000110111100000101101
000000111000111110100101110110001101001000011111101110110101000001110001101011100110111111011101010001110001101100011100011111010010111101000100001111110111

0010101111110011011000110101001110011010100110111110000110111100100011011100111001000100110111001111001100000101101111
00010001010011100110110000010000001011111001111011101111010000110100001001111111100110111110011101110100001111001110101011011000111001

1101010100111110110001011111000101111000100111010110111101000100100010011010011100010111100111100010111001
0101001110001011101111001101110000100101100100101100011111110100110111101100010101011101001101110010000110010000100011110011011110110

10010110001001101101011110001100100111101100111010101011000111111011010001001111000000110110011011110001001100010111000111111011
11001000011110101000111111011110100001000101110111110010011100110010100110111001101111010010000001110111110010010100110

1110011111100110000000110110010100101101101011000010011010001011100010100110011100010111110111101100000111111101101000001001110111011
01110110011111111000110111000100001011010011111111011010100110011010010010111110001101110001000010110100010000100111001101001

1111110010110011011110010111011110011100111111010101010110110100110100100001011001110111100111001001000110011010010100011111001000101111010000001
110000100001110110001111001100110100101001001111011000110101111000110010011110110001110011111011110001101011100010010100001011001110110111
