0100110001001000101100010111110100110010100010010001001101110100000111010110001101011010101101111110011101000111101010011111111
1111101011001100100001000110100100011010101010111111011101000111001101100011111100010011100010110100110010001110101111110101001011

111000000011011110000111111100101111000000011111000101110100011110001001010100100001111110001001011010111011010110100101100101111011111101
10010110001110101100011010000011000000110000111011001011111110011111110001110101010101110001111001111100000111011100111110

01000010011010100110011110101100100011011110001101110000101011111011110111100111001110001000111011011110001101101010010010010001011
011001000011011111011111010101010111100010001111110100110100110001011100111001110111010010100111100011100110011011001001101000

001001110001111110011011001000000010100100110000000111111011011111110111001101000011101111101110110010110110010110101
00100100111010001101101011011000001011111000110100111101011100001011111101101111001011010011011111100100001000011000110111

0111011001100010010111011111010011110111000001000100010110001011111111010110101001000101010001111111101101010110
010110101111010010100000010000111111011100111011111000011000101110111000011000010101111010011110011010011011101

1111010010100110010101101101110101001101111100111101110001000110101000111110101101100011100101000010110111010000110
111010111100001111010111111011001011111000100111011001001111111000000011000000010001001100111000010001100001111010011101110111101010011101010

10000010101011000100010110011100001100111110111101000011011100111010010010100110010110011011111000111001011100011011101111101111
1111011001010100001100111100100111101010101110001011110011001000101100100000111101110110011010100011111111010011101011010
