0110011110001101111011100111110100000111100011000010010100101100101011011001101011011111100010100100001000111001001011101011
00100001100100011101110010111010111010001111101000110011111100110101110010000101111111011111000011001100111100110110

101101100100000011110111001110100101100100011111001010111010011101000110111100111110010011000010101001111001101110
10101111011010001111100110011101110100011010111000110101100110001001010100110010111000101100011111010001001110000011101100000101111110111011010

10001000011111110100010001011100001111100001100101010110110100100111000011010011111110011100111011111010101011
1111100011010011101011001100011111000111011110110101110110100010010010011010001110010110110100010010010000110000111011110111111

0000011010100100111011011111100001100001100011101101110110011111100000111111111110001011001100101001010010110101101011101000
0111011011110111110001111110110110000011011101001101110000111011000011010111001001101100011101011000010111100111000110110101101110100000000

101001011110010010111101101011101011010011111111011101011111101110001111000111000011100100001101001011110100100001010000
100000001111111101011110010001101110001000111001101010010010100101101010000110100110011011110110011110000111111

110101110011000111100001011010000111110011101111011110100110001011101001000111000001001011011011001001111100101101110001101
0100000011100110101100011110011100110110101111110010000101100100111111000100111000111011010110110000111100010101

10000111110110111101100011101011011111100010101011101011001111001110000110101100100000110100010011111011110100011000010
110110110111101100011110000011111111110110000011100011010101010101110001111001000001111000011100101100100100010111111101011001

10000100011001110100011110110100111010101011001111011001000110111110001110010101001000111111000100111101000101111011110
1101010000011101011111111100000110101000001111111001101010010001001110011011111100000101010000101100100111011110110111011

0100011110001001111011011100101101010100001110011110010011010011000110110011110010101100111101001111000001011011000010100110111011011
011000011101111011010101101101100001111101110100011110011110011100010110111000010011010101100011111001111000111110010000100101

101001000100111101011011101100111011011101111000101001110100111001100111100010100110011011011110010000010100
11100110000111100100110110111100111111001010101111100101100011111100101011100000010001010001000001110110100011110111110
