00100100010110010101110001111111001100100110111111111001111011001000011010001111001111010101101110011010101100011001
1011000010011101011101001111110011100001011110010010011011111010110101000101101111111111100001011101100000001100

11000100000101001011001100011110101010101101111111111000010011000000111111010000101110111001001001111111111101
10111110110011100111001001101010000010110000110111010100011111100101100001111011011101010

011001100010001110101110101111101100101101111100000010001010011010000111101101001111101111010111100001100101010011110010010100
01101011011111110000101001001000100100101001111110010110010011100111111010110001101111000101110110001010111110001100

111111000001011110010011011101111011001001000001111111010110001011001000101010000110111111101110010011010000
11000111101110010100100101101010100111111000101001001111101111000011000110110111101001000001101010101001100111100111101

100000100100011001111011000100001111001110010101110110110011011111110001111000111000011010001100111111101
1000010001010110001111000011100111001101001001100110111111110010110001111010101011000101111111101110100100011110101010010101

00110011110000100000111111100101100001110010100101111111001001101011011101111110001001111001000110001101000000110101100011111100
01001110000100100100011111110001001110101110001111010111110011000011110101000100001110111110110001

10000001101011110000010111111010011101001011100110011110101110110101101001011111111011010100111100000011000100001
111000100010110111110110100010011101111110001110001000110111000111100111100100100111000101010010010100011111001101010001101011101111110
