0001110001001110110111000111101111110101100100010111010000011001110110010010100100011010111001100100100000011100001111111110
1110011000111011100010001011111010010001010110001110011110111000111111010011100011111011010100010011011110000000100010110110001101

11000000100101101011000001100101100111111100100111101001111101011110010111010010011110011011111110011111010001100010011010110000001
11111111101010001111010010011101011000010001000001001111100100101011100110011010111010101111111100111101100111000100001

000011001011010011001010011100110011001000000111101101111111101011001000111110101110011111010111010001001
110011111001011111101101011111100101100111110001100101010010000110000001111101100111100000011010010101111110010110011111001000010000010

010011110010010000000110100100111011110001111001011111110110010011110010011000011001011110010001111011011111
1011101101101110100001111011101010101111100001000100011110100101111010100001100111000111011011011011110010001001010001011111001

1010010101110111001100111100011101000101100100011110101101100111111001100011010011000110001001111110010011111000010011110111
111000100001100011010111111011101001100010000110100100100001010111001001111001110011001111110001010101011110111111111011011010001

110001001111011100100110000010010011101111111100011011100001011110111010100110100110111000001101111100001010
011001010101001000101111111110110001100111001111110100110001110011010010001110011111110100111111011110100110010101011010010010110000010110100

1100011111110011001001111111010010001101011110100010011011001011001010110100010001110101010110111110010101110001101000
011001110010100111100110010000010111111101111000110110111100010110001010011010101101001110010010000011101100100100111011111100100110101101
