1110101101010100010111011110100110111110001011010011001101110010011101001111101110000011000001100000101110011111000
110010010011000111101110011010000110101000011101100011111001001101011110100110100111110110111000010101111110001001101110001

11000110111000110101110010001001110110100101011011010100100111101000000101110100010111110000011101111110011011111111100001010
00000001100101001101001111111011100010111011001011111000111100100110101011111110101110101111101101111011110011000110000100010010101001101

1010000100100111010100110001111110101111111101000001110101001001111000111111100111101000010010001101
100010101100100111000001100111101011101011000101011100111111000100011110101100010101101110100000000010011110001110101100010101111110110011110

010110000001011010100100101110010101101100100011101000101000110111101001001111111011110101011100010111100111001011111101101001100
1111011100111110101011101000111011111010101100111101100011000001101000100100100101111101100000010110010001101011101000100100101111101010110

011110000011011100110011011010110001110111010111011000000110100111001011111011111100101000100111011010000010
0110011001011101111011111000010111010011101100100011101101011010110110001000101101100111100111101110011100000101011010

11110011100011111100100000101100010010110111001000001101010110011100001001001001011111010110010100101100010101011011001001101111011111111110010011001
1100010111110110010111010100101110101110111000000110100100000011111010100011111000011000101111111000101110100111010

100001001101011100001111110111111011010100010001100011010111000111110010110000100011110011001101101000011011001010001
0100110010010000111101010000100110110101011111000111101110001111110011111111001000111100101100111000000100111000010011010110110100010111010

01100001001101111011110010101000101101011101011001010101111111011101100001011100000100011010111101000101100011111101100100
0100011111110001011000111011101100011001001111111010111000011111010111000100000100001001011110110100101011000110011011

1011010111100100110111111110111110111011001001110011001100010001001000110000011110011111010001101010011011100000101101010000
100001101001000110101111011010001110100100111100010110101111111011001111110010100001001111100011001101000100111110
