000101110100101011110011011001000111111110010101110001011110110011100111100001111110010101110001100000110000110101110111010100101011001000110011
010100101111100100110010010101110101100001111000110111001101100010111111111011001001111001100011101101100001000100011111100001110100010100

0100110100100010111111110110011010101000011000111110010001101111110001111101010100111111101110001001000001111100110101011010
100001011010110111111010011110011011011111000001111100011100000101000111011000111100110100110111111001011111011010

110101111011000011110010010011000010001011110111000110100001111001110110010100110110100000010101101111001011110111100
0111010011111000010111110001111001010000011010010111110011111111001101101000101101101001000101100010100101110001010011111110

101000111011101011110111101001011110111010000110111000100011010110100001111110001101011100000100011100111011110000101111
10000111001010000101101011011111010111111110000001110110010110010101111000000111111111000001001101110100011111010001

1110011011111100101111101001111101011011101000111111001110011000010110010011010101011100110010001110010011100100001001011110110
00100101101111011011001101111011010100101001101100000001110010001110011010110110111111010110111111110001111100000100110110010100110000001

1011011000010111110100111101110001010010011101011101100011111101001110010001011111100110100010111100110001110011010010101100010
001111100000100111111011001110000000111001101100101110010011010111001101101111000001110000110111110101100010101110

1101011110110110101101110100111011010011011111101100110010011101111100100000010101100001100000110111100000111001
00010100011001100000001001101110011010111100110101110011011111011010011011100110101111100001110101111101100101011110011000001
