001110010011011111001101111111001100010110100101100011101110011110101101101010010000110000100111001001100111010
1110010011000110010100011100111001111100111011011111011111110010001100101100110010100010111000100100100011100100110100110011100100110

00111000010001011011110110101110100000101111010000110111100101111011101101000100010000110011110010011110
0101001000101001100001111110110001100000110100011110111101011101010010111100001011111110000101101110110011

11100101010010110110110001001011000110111111100011000011100110110000011101000110011010111100111011010101101001100001001011111110101111010001110110000
000111100111111110010110010011110001111011000100010010111011000101000100111111101110100011101001110111100101101001010011000110101110010100010

10101111011000011010011010011010111111100101101111110010111001110101110011100100001100000101100001011100011001001011100111
010000110011000111011011110011100001111011011000101111011100110111100101110000111111010101001001110101000011001000010111111010110101001

110100101001010011110111111011101010011111010001000010110100000100111000111001010011010011101111001100000111101000011001011110110111110
110111100011010110100101000001010100111101011110101000000111110000101000100111110001110011001111011001101001110110000111011111110101100101

01001111011111001010000111011101000100111101111100101011011001110010010100110001101011110100100001111100010101
1110110101011011000111111001110111010000111000011111110010011000101100000001111010011111001110111010010000101111101100010110001001100000
