0101000010001001101100010110110111001100010000101110100011011110011111111100101001101110101101110001111101111010001101001011
1000010001001111111010101110100011111100110011011010111111100011100101010010011000111110110000100001011101101010

110000101011011010110100000011101001101111111011111010011010110000000010001001100010111101100111110011011100101110
011100001101110101111000101100111110010011111100011001000010111000111110110101000101111001100000111011010010100101110

0010010010011110001101001100000101101101101011100110101111010110001100111110110011011110111010001111000011011111001000000011
110100010100011110011101111010101010001100011001011110101110011111010001001010000111101001100111101011011111101110101000

11100100000011101011100111110010110001001001101011100010110011011100100011100011101010100110110111110100111110001001111011
1010011000110101000100001110001101011001110111011010011101101111111100000110001101001111010110010000111100100101111111100011101011101

0010100101011110111010110001111010011001110111010110111111100110111101011101101100100010000110000010011111000111001011011000111000
0011111010010001110011101011010010011101111001011100101111100110110001000000011100101100011110000110110101111010001011011111

010000111000100111111110110011011001010100110101110010111100111101001011010111100011010001010111100100001100011100110001011011001
0101010010001011101010001110111101101011100100011101100100111101100111100110101101111000001000010011010000101101110010001100

10110011001001110100100110011000010001110110111101100111000110010110000111101001111010011011000011110110101000111111010
000010000110101110100000011111101111000111110011011101100100111000101001010100101110111001011100110001110110111100

111100100011101110100100010110011100001101001010101000111111100011001001010111000100010011011100001111011101110111111
010010011111011000111111110110001010101100011111111000110010010101000001110110100100010001101111011001001110111110100101
