01010111100001111011010100010101111111110111011000110100011101110100010000001101110011010010000001110100110111010111100
101111100111000100001001111100110110001100101110001001011100110011001001101111101010001101000100110111100001101101000001111111

011101111001000001011111100110010111000111100001001010111000110011110110110100110100100110111011001100010100010010111110101110
111111100011110111100001100101000100000110100011100101111011100111111110100100011000110110100010001011001011011101011001

0100101100110101001100010010011100010111000110111101111111100010100011011100011010001100111001001111101000010010111
101100001111000111110111010001001100100111011000101001110000111001111001000001101011110111101101001001100111011

1100011101000011100101101001111010011011001100111010011011011011111011010011110101010000100011010111100100001110001111100
011011011111000111110110111001100100001011001000001110111110000110010100000101101111100100011110110101110010110101010101110100001001111001

000011011010000101010111110110010101110111110000011111011100001010010000110111110001000111110010011110010111101001101011011
1101000001011101000100011010101010001010011110101101111101000110111011001110010110011110111100101100010110100111011110011001111001

000011001000010111001111101100111111100001101111111000100100110001011100101100010100101110111100110100010001111010011
00101110010001101000110100110000101101101111011111011000001110001001011011001110011011000000101111101110101111111010100

11010001111110011011101001011111010000111000011111011001001010001100110101001101011110000001110110110001001111111
0010011011000011111001010111011010011110000010000011100101101100110111111001100110010011111101101101110110101111000101111111011000

1100111100010100110101000011000111011101010110001110011010011101010001001011100100011011000111001110111111
01000111101110110100001011100110111010001011110010011111110001110100011101000101000011111101001010011000010010110111101100011111011001001

11011010111011100110110011110011010000100001101111001111101010000110010011111101111000101000011011100000010111111010010001111101001010111010
1010100001000110010011100001101100010100110011111001111010011101111111110100100001011111010011101000101
