01011101011010001100011100010110000001001110011111100101110001101010011011011001011110000100101000111101111101111000101011101101010110010
10111100000111001111001001100010001111101001111001010010111110010110010010100100111011010110001111100010000101111100111101011001101011

101001111011010010101011111111110001011011100010100011111111110000101011010011110010110011000100010010010001100110111011110111100001000011010011001
1111010011101110011011010000111101111010010110110100011000011010000010010001100101011100010011010111110011110011110110

10000100101011010110001110110110101100010111100100111011010110000111110011110000011111001101011000111011111011000010100111010101000111110001
1100101111101111101100100011101111111010110011100100010110110001001110110001101000111100011000000100011011111011110100000101111101000011100011001110101001101

100000011001100010101000010011111011011111010010111100010111011111100000011110111011111001011001110101110010001100011110011101
111011010100000011101001010110001101000011001010000100111110110010100001111110101111111101010011100010110001111010110001001111110111100110111110001101100001

1011010001111000100110111100011111101100100010011110100101110101010010110110001111100111101011111111101110010101010001111010100000001000111101001100000010110
010001110000100101010101100011000111000101111110110111000010011011111011011011100110101111100011010000101011111011000011110000111010100111000011111100

01001101000011101011111010101111001011110011110101100101100010100001101000011011011110011001101001110111100010000110101011001111
0110001101111011110010100100110000110100100110111101010101011110101100100111100100101101000011011010000111110011100001111110

0111101101110111101111100001010101001111100001010110011100100011100000101101000010011010001110010001100101101001111111100111010110011110001011100111100111011
01100011010011000110111010100100001001011010111110100111101011010011110100101101111111000011000111011100

010100111110110010111000000001101110010000011100110111110111011011110110101111101111100010000000110011111000001100100111100110000110011011111
11101010001111010110011100111111000110111001001101110111001111110001000001100100110010101000111110111011011001101000001111000111011000011010000110101000

0001000001111101101111101101011011100100101011111111110010001101101011011100100111100111110010010100010010111011001111001001011000111010000001100110100011
0111010000001011111000011011011110000010101110100011111000100101111011010110010001001101110011001101001011000101011100100111110011101111
