110101111111110001011010110101001100001101111111101111010100100011110110000010011001100001110010110011110111000010001
1111101000011000000011011101101111011110000110011110111000000110111101110100110001011010101000110010

0100001100010010111100101100111000011110110100111101110011101001001011101010010111100001010110110010100011111011100
0001101010110001011011101011100101111100110001001101111110011110110101011101001010010100011110000001100011011

1101001000110010100100010110011111110101101011011111000001100101110000110100111011111000010001110111101011001011100011
1101100101011111101101111101011100111011110110000010111010010000110110000110000000110011101111001111110010101010001011001

0110011100110110010001111100000010101101101000111111011100100011001110010011101101101011110011000101111100101110000011111011011100100
11111010001110001110010011100101011101111110011101111001000001001110100011101101000111101101100001011100000100110110110000101010111110110100

001001100100000010110011111111101110100011110111111100100000011001001101000110011100011101001001111100101111011110101001010011
01100011111001100001011010110001010100111000111101000010100001101011100110010100101111111011000110010111011001101100110111

11111110101001011000101110110001011001110011001100010010100101010011110011001110100000101100111001100110011111010011011
0011101010111100001110100101100011101001010110011111011101011101101010000111101101001010000010100010010111111011

1110100101110101111110011110101100010001100000110111110001010111011011100011001001011011110100111100000100001001110010110000101001000101111110111011
100110000011011001110010011111010111000001111011001011101000111101101100101011100001011101010001011011100010001
