101101111100111101010001011110010101011001000110011011000110111100011010111111001001110011001000001011010010000111001110110110111101010001110110000111
10101000111101011011001010000100111001000011010101110011101001000111110001110111100111111101100000111010000100111110010111110110110000001100

0110100000111101010011011010011101111011010000110111100011001110011000101110011100101010001001001011000101110100001111111101100
1111010000111000100010100101111010001101010011011011110110111101010100111001000011000110101000011001101100011100110011011000111001010110011111

1000110001011000011100100100001110111110110011101000111101011011111110001111111011000110110100010100111110101011100
00010100101111001101000111011100100111001111011001111010111000001111010110101111011010100001111110110011011110001011110000100111100000011

10100100000010111101111001001000110111000100010010100011100111111111110011100010001110111100111101011111100111011011000010101
0101111101000001101001110011010111101110000010011010111011000101100110101111110000111010111110100011100011011001001001111010010101

00101001101000110101100011000011101111101001010111111001111100101110100011000001100100010111001011110101001101111111010111111000
011100101011111100011100111110110010110110110100101101110000111010111100110001011110101001011000001000010110000011001011100011000

01011110101111011111011111100010101010110100000011110001000001101010110001100110010011011110000100111100011011100101001011011
1011010011111110100101111100110010100110101110101101110100101001001110011110000011111101000100101110111100110011111100011101000010001010

01001011110111110010010101000111101000110010000011010110110011001111100100111111010000001110110001000011001011110101111000011010101101
100011110001001001101011101111011001010001010110010001011111101111000110011001110011101000110010110111100011010111110010000011110100111011

01100101000100011010010111011100100100001000001110011001111110011101010011110100110111001101010001111001010011100101111110111101011100
001101011111010111001111110010110101111111000111011111000100011000010000100100011110100100100001011000011010010110011111001111101

100100101000111110111101011111110001101001010000010011001110111111101000010111011111111100100000001001000110110011000111010011
0011100000100111101001011101011101101010100001111101101011001101011001010000111011001111101111101101111000010110010011101110011111000000011001100000011
