110101001111000101100110010111011010111110011101100010101110000010011010010101010011101000001111011001100110111111
01001100110100011111001010100111101010110111101011000010011111001000111001010101110000011110110011111110111000111110001101011011

001001111010111101000011011111101001011001011101001111010111110100100000110010101001111001001011100001011011100011
101001100011110100011010010001111001101111001001011000110111111110010110110011111011100100010101010011001000

0010011011100101100111011110101111010110001000011011000110110110010011101110001100111001010011100010011001011010000
1100000011010110111000100010010001101111100001010010011011000001001011001010111010010111111011011101001111111100011100000111

1000011011100100001011001000010011111010001001101111100111101110100101001011010111011101110101001010101100011101111
0000111000110101111101100101110000011010111111110010111001001011110110111001001100101001000111001000110101101000100111111101101

1100011001011010011011011111001100101111101001110010010001110010001110110101000101011001111111111100100011011000101
0101000010010110001111101011010110100010010010111111011111110010111100100000101111011101011001110101100001110110100101100

10010110001001111001000110111001111101000010101110111110001110110010100000111110000011101011010110011110001101110011111010
01000001111110101101101111001010110001101010000011101011101111101111110001000000101001101111011101100110010101101000110010010101

1101100101001110001100001011101111100011110100111111000010100101101100001101101111100000111001011011001001011111100001
010001110010111011100011011101111111100011101000100111000010000011000111110100100111100011100010011101100100001101101011100011100100110101110
