0100001101100111010010000111000101011101111110001111110001000111110010110010110011101100001011111100111010110011001010011001001101
0110110110000001000111011001100110001101111101000101111110100010010101100110011011111001011100001101011000111111010100100011101111010

0101111010001111000101100100111011101010000011101101011001000011011100111111110110001100000100010111100110101001111
110001110111100011111000110110011101110101111010000110001100010001010011111010010010011000100111011110001010010101000101

00100001111100000101011011000111111111001100101011110110101000111011100011111010100101000110101101011110001
1100011001000110011011100111100101110111001010100100011000100111100001111100010101001000001111101001111011101100111

1111100001011101000110011110111110101011100100010011000111001011110000011011110110001000101111011010
100100100011001101001010100111110010110111000001011000111010110011111111100001100011111101010001110011101

100001110111010111001000110110101001100110001000110111000111101111111100011011010010100001011011111100001000101101101110
11000100100000111001111010101011111110100100011000001101100100101010111101100110111100000101101111110111000001101100001111100011010111110010101

0000001110111000010110001011111011110001010010001111011111010011010111110011100110101110101000101001000
00100101011001001101001111011001010100110101100011111111110001111110111010111010001101001011011111000110111000100100001100

101001101010001100001100111011101111011111100010011101101100100110010111100000111101100100000110101
111101111111000100000111111110010101101110001011001010001011110000101010011010100000111110000010101001101111100010001101110

00111100100100011100110011100100101111100011011000111110010011110011001010011011010001101100001111110011010000111011101
001000010000101111000000111001101101111010111010110011100011111010001110110011001111000001011011011110010011101

1001111001111111001010101100110111111011000100110110001001110000100101100110100100011100101001110111000010
010100100000100011011100101011010111001001100010011110010000110101100111110011011111001110000110011111111000010111011101011101

01110010110111110100010001111000100100011011001100111000110010100010101110100100001001111011000100111011001011110000111111110110
1011011100100010111010101111001100011011111010100011100010001010111011001110001101010000101011111010100100111110011001
