010011001001010100111101110100010000101011000111100111101100101111000111001001011101100011011100111011101
01100111010110000010111011011101000110011111100011110001010011011001011111110100011001011111110100011001001001110111100100

1101111101000110001111001011111011001110010010111110001100110101010010110110000111000111110110000011010100110000101011000011
100101001110110111011101100111101101011110010000110001111100011111110111111000101011010110000010100101011010110111100001000101100010100

00001110010010110001101000010100111100110111100101011110110111110111100100110010110001110001001011011001010000
1010001100101011110100010011100001000011100001100110001110111001011010101100000111111110111110111110110101001100101111001111001011

000011000100010111111000011101011000111001101010010110111111001110101101111001010000111010010011000010011
011101011111000100110101110011001100100011000111100100011001110101011100111100011100100110100010101011111010110101111010

111001110100101011010011010010100010110011000111101110010011100000101010011001011110111110101101
1110111111001000110011111101100110110001101010101110011001011101100111101000010101011101100001011101000010

011010011011110011100000010110110101100111101100101101110000011101111101110101110101000111001010001110100010010001000000
10010100001100110001111010001101010001010101000010110000111101111011111010011101111010001101011110111111001110

11100110100010101101011100010010101100010111000101111111000110001100011000101010111001111011100111100101001001111010010000001110111001111
1100110100011111111100100010011000100111110001010010111100001110110111010000111011100100100010111000110100011111111100011

011101000001011110011101000111000100000011011000011111011111101111011010001011001001100011000001010011111111101010000111111001101
1101110000110111101000010111111110101100011111010001010010101001101000111110100010000111010110100010000110101110111010110

0110010100011100000111111110101001101110100110101001101110001011001100110101001001111111111000010110110110000011011101011100
10010101000100010011010000111111111110000111000100010110101011110100011011110110100111001011111110110100011101100101101110
