111101101110001111101110001111111011101011110111000010011011001001110010110011000110110100000011001001111110001100001101000010100100001010001
1101001110000110110100001111011111101110100101000111101101101100101010111100001110011011010010110100001111110101100

1011011011110110000111011110010011010000110110001110011001100100111011011000010001111100010100001111010100010110110111
111000100100010110000101011001010001111001100011110011110010100110111011100001010010111011001110010111110011101101110100011110

01001011000101111111101100110011110001110101000111101111000001101110101110010010010010011001101010000011000111110101
1101101001000101100110000010111101000011010111100001111001110010001011010111100100011111101001110011110011101011100

1011011110100110000010111111010000001011100010011111100011100111101000101011101011110001101111000100110010100011011100010
11010101110001010010111110101110001000100100110011000111111010100010010010010111101111011111000011110110110010010101000

1100110100100010011111100001111000010101111000011011111110110011100101110101100011000010001010101000010010110111110
00010000101101001001010111111101101111010001101001100100011011100111010010101101111111010000110101011

001000011010010100111111000001001001100101111100011100011001101001110011011111011101101111100100000011011101101111
11100110110111000010100011101111110000011011010111111100001100111100101001110110100111110000100111010011001000001101000110101000111100

101001010110000110010111111111001111000100110100111111100010000110010111001110000101101001000011101111110011011
01110011110011010011111001110001011011110110100100000110111000101000111100101111111011100010110010101000100111001100010101110
