11010100110011100011111101111000010111011101010011110001001100110010000100111111101101101000011101010001100110
1100010111010010111101000000110101011110000001110101011111101011111010111110111000010111101111000110001110011001000011

1101101010011001000110101011101001010100101110000110001001110000111001111110100011111000101110001111011001101110001011111011
1100000111001000111011001000111100101010111111100110011110110010001110000101010100111101011010001110110111011110111101101110000101011

0001010101001100101110111101110010001001111111101011111100111001101100111010001000000100110000111000011110101011011000000100111
1010011110101100110010011101110001100111110110010001001001100011001111100110010111111010111000011010100001011101100101010101

10000100111100010001101111010011100101001010101100001001111001101110011011010100111011110100011010100000111111000110011111
1011000101101110011110111100011001101101111001101001111010011111110001010000011111000001010001001110111100010111100100101011011100

0001010101011111001100001111010010111100110101110110011110111101101001000111101111111000101101000000100001
10010010000011100100101000110010101111100001000111110100101111101101011111001110111000001111010100110110101101101011

1010001010010011011111001101100000111101101011100111110110011100100110011101000111100110110110111000001111000011000010011101011101
0101100010000001111000110110100011011101101101100001011111010011111011000110111111100011111110001001100100100110111100101100100001110

00000011001000101101011010111111011111101100011110011010001111001000101101001110001111011001000011000111011011
0110000110111101111011100000100101100111000011001011010011111111001101010111101101111111001001110110100010100001100001011011001

110000101100011011110111010001010001111111000001111001101111011010110111011100101000010010110100101011100110101001011111100011001
10010111000011011100000110101011110111110011001011001100101111111000111110101001100101011110100111010110100010011

0111011110101011110011010101101100100001000100110011100110111110010010101110011001111010000010111111000001101010001010100
01100101000111110101101100111010001100111011110100110101011001111110000011101011000011001100010010111111011001
