1111011011110011111100010010000101011100101111010110101110110000011001011001000010111110101001101111011000100001
1100000100010011111010000110110111010110110111110011000001000011110111101001001111100100111110100001101110001

1001010001011100100011110100110001110011011010001100111100101110111110100010110101011010001100111011000010011
000001100000101000110000100111101111100111011010010010100110111111011111111100001101101101010000110001011110011101

1001011010010100111101111110010000101011101000101110100111001110110100011000110100110011111101100011101011101000011110001101001110000101
10111010011001101011110111000001100001111100011100001111001111100100101110011001111010100110101000011111010001101101110000

010100001110011011011111001010001110010111011110001111101001000110000110101111010010011000000111011110101011011
111100101100110101110001010011001111101100101011001110010111111011000110101000111101000011100111110101000010110010

0110011010001010111100111110011101010110111011000100111001011001000100111111010000111110100101100000110010111001101101
10100110011010100111100111101101011101111011111001100010101110110011001111010010111000001011100100011100001011100101100

101110000111100100110000111010010110111101110001111100110101001100101111000011001101101000001111001101111010110001000
10110110000010011110110000010010001111100100010110001111111110100011011101111011101010010100011110011000101111010

111000010100110001110001000100100110111101110110111011001111000110010010000100101111011011000111111101110010011100
11010111001001100011011011111111010000010000111001100011100110011101110111110010010111001001010101111110010000011101101001011000

000010100001011001110011101001110111100110011011110010001110010011100111001100011110011011000011100110010111111100110101
1100011001011001100001101111110101110101111111010110000000100110100111110101001000011110111100100100011000101101111

1010011010101011111001011001100011101111100000101001110011011111111010010001110011101101100011111100010001100
0110000011110000100111011101010011110111001110101010011011010111000110010001001011100011111001011101001101

01010000011101000111001111111010010010010011110101110001011110110010100011011011000101010111110001100000110110001
1100111110101110001110010011001000111000001011111010001110110100111101011000101001000110000010111111000111111111

110100000110010011111101001101011111011011001000111101001011110100000011101101111001001101001110010000111010010101111001
101001010110011101001111011110010110001001001101110010111001000111111100001111010011010011010100011101
