1010010101000101110011000110111110101100110100011101000101101001000111000110000110101001011111111111101011
11100100000010101111011001111011110100010111000000101101000010011101110111110001100101011111101010101001110011101

0001111010110111111000011001110111111001100100111100101001001101111110001101101110110100000111000000111001110111011000
1101011110011011101101110001010111011001111100110011101001001000011110100001111001100000100111000011010010101100

11011110101101001000111110011001100010000110000011110100001101110110100010011001110001010110000111011110101101111100111110
01000000100111101111101100011110110000001111100001100101100101111011101011110101001110101100110101110011010011001100101000111011

000100101011010010000011111100111011011110111101001101110011110101001100000011100111011110101101011011010001111110000010
01001001000110101110011111100010111000100000111101100110011010111010011010111000001011110001001011101111011111

111101000011000000110110001110011111111110011101010101001110110011011100100000100101001011110011001101001110000110
010011101011001100010100011100011110011001101010100100011011111110010000111011001111101011001011110011001010100110111111

01100011011100001011101100100011111100100011111010110101000101011100110010100000100110110001011101110111101000
01010111101100010000100111010010101111100001100100111011110001001101100011001011111101111110100011110010000111110010111010

1100011110110010101011110000001111011011111100100101011011010011011100111000010010101110111001111010100011010000000
00000101111010101001111110010000000111100110110110111111110001100111110001001111010010001111011100011011001110111101000001

01010111011011010000010100010010010010011101010001011111001101011110010001001111000110111001111011000010111111000111100001101111
0011010110001111011101000001111000101111010101110101101100001111001000110001111100001101110001010010110
