110110011000011010000010001101101010101001101000011100100111100001111011111011011111001111111010000110011100010
11100111111100110011100001101110101111010000111101001100010001111110001101011000100010100010001111100101000110111011001

0100000110001010100000010111100111011110100011001110101010111110011011110110011000111011101111101101111111001101101010111000010100000
10110110100101111100101111000110111001000110101111010110101000111100100001110100110100001101111000001000111110001101

1100011110000100011010101001001011101101001110100100111110000111101110101100001011101101010001001111001001101111100111001
1000101101100101001011111100001101101010011110000110100001111000111100110100110001011111001100101101110111101101011000

100101000001110111101101100101100011111110010001100110101001011001111010000110001010000110111010111101100
010110101111011100100100111011000010100011011000101101010111011111100011011111111001001110110000101001001110000001111100

11010100001000101011111000111011001000010011100110001101001111110110000111010010000010111110100100011101011110
110111110001000011001111010111001011100011011000001100100110110101111111010100110000111001011001101011011000101010111111

11001110101111011001100001010110111011010111101101010100101110111110110001100001100110010000111100000101101110010001111
00111000000110111110100101000110011001111011111110111100111011011011001011001111100100100110011110111010001011001000100011100101010

1110000001010110011101101101100110101111001010111111001010111011011011000000011001111100111101001001101111001000101100000111110
1101010010111011011010001011111001101111100100100111010000110110000011010010000011000111111011111001000011010110111100

001100111001111011101001101101110001010000000000110001010110101111001011110011101100000011110010111110110010101110110010111001001011101001101
0010110010011000011011110011000100101101111111000011111111110011101010101010010111010000001110001110111010010

00100001110101010110111101010101110101110000111111101011110001001000011011010011110010011010110010110110001001
01001111000110011111100100011010000100011011101011100100001010001110110110110011100101111001011001110001111100110101

1000000001101011111101111101011111000110100110101011111011000011101110101001011000001010011001001111100110110100111100110001
01001110000101100111010101000101101100011100111110011111110011110010001101100111010101011001101000111001001111001000011011100
