1011001010000010101110011000110111110000100111001111000110010100011010110111001100001110111111010100001110100
111100011000000010110011100011011110111000110111010011100000111001110110000101000011111010010011001000010111111001101011111110100101110

0110100110010111000010111110100001101111010100001100111111011110100001111111010010010111110010110100
110101101110010101111000001011100101011001010011010101100000111111011111001110000011111000

1010011111000011110010101100010101101100110100101101001110110001110111011110001010110110011000110011110011100100
110101100000110110001111110101001000101101010100100111100101100101100111101110010100111110011100010001110

011100000100101111111101010111010111101000001001000101111001101100101101100110001100100101010000110011000001111101100011110011
0000001100100001101010100111011011001110101110000111100111111010101111011111001001101100110100011111100

111100100101111101100001011001001101011011100101010001000000110111101110000111111000111010101101100001111011101010011
001100101100110111111111110111000100110101000111101111110000010001101000100110100001100111110110

1011011111001000100010111100011100001100101000111100110100111110010001010101111000011101011111100100111101
100110001110100000111110110011011111011010110000101011110000011110010100101100111110100

0110001001011000100000100011001111111110000110101011100000100011111101111011001111111110011011100110011101010110101011011110010000101
01010010010001110000110010000001001111100011000111001111010011111101011010111010111100100010100001111010101111101011111110

0001010010110000100011101000100011010011111101101001010110110111001001011011111101110011101101111110100000010111000011
00001101110100001000100111000101100100101110101111111001101101110110100001101010000010101110100111110111011111
