0110101111011111101000100101010011011010010011000100111101100011011001101001100101111100000111000011101
011100000101101111110010010000011001101111000101110111110110101111100001100101111110001001100101110110000011101000011011101111

100111001010011111010101111111001111010001101101111011001100001001011001101100110001101000010100000111001101111101011100
0011001011011011000001111000100000110110011111101011111111011001100101111011101000101011100000011111101011010001101100001100100000110010111101110

11110010001001111001011011110111011011101010100111001001110111110000110001011110010100110011100011110001001000
00101111101110001010011111100011110110000001111010100110100001100110001010110111110101111100010101101100001010111110010011000011

0101010011101101010011111011110001001001000100111100100001111000111111111001101011000110000111100001101101101011
1111001100111111110101110000011110110110111010011001010001101111100000011111000010110101010010001010011110010001110111000

111011111011000111010111110000101010010100110010101000000111100101111110010101000000100011110011110
101110100011110011111001101011001111011011100010010110111110011100000111111010000110101110011001100011000001001110011011001

11000111001111011001100001110111101101110101011011010011000110101001011111001001000001100011001
110110110010011111011000000110010001110010010111100010010001111101010001110111011000111101001111010100111010010111

1010001001101010100101101101001100001100011111011011111011001110011001011111010011010011101101001111000001001110011101111001000
00100101000001110100000110110110010001101111110110110111100100111111011111010110001000100110010111101001111001000110010

0010110010011001111010001001101011111001011110101011000011001011111111100100111111101001100010110101001110101000010
01111110001010011001011011100000111100010010011010100100010010010111010000111011111010110100110101010111111000011111111000

000101001111011101011101001110010000101111011001110010111110111101011110000001100001101111011011010010010101
01101110100010011111111000101111000101010111010011100010110010011010000010110110101001110100100101111100000110111010011011010111
