10011100011100111110010000110110001010100001111110111101010011011011111000001111000110110001010011100110011011011010110001101001001010011101
11011011001110100001000101001101111000101001110000011001010011011100111110011111111011001110011110111000101101011110001100011101000000101110

100001110000111100010100000101100010111110111011111110110010110101110101101110011001001100111100010100100011011101111010
010001111000110110101110110011100101010100001101011110010010111000111000011111100111011110010011100101110110110000100010011100

1000010010010001011100110111001010011100100101111011000011111100010101001101001111101110101011010011101101
1010011110011111100110101000001101001000110000110110101111010110010010001101100111001111111001001110000111101110010110010011000111010111110101

10101100010111010001000111110001100010101001101100111111110101001110011101011101101001011001000001000111100010101101
010001010010001111110110000011111010111100111100101111110010110110010100111001010101011101001001100110111101

11010110110101000100111011111001110011001010011100011010110001111110101010001111100110111001001101011000001001010000101111010
01100100000010101111111010001111101001011000111100100110011101001110111101111001000001011100110110100000010011101101011000001111011101101

010011110011100010101010001000111110111101111100001100110101101001110101001001010110011110000110111100110010001110001
111001100000011101010011100011011011111100100010011001110001001111010001011001000111111011100111010111011101010010011110101000

11110011110010100001011001110110001110101001000101111100101001011001101001000010011111001100110111011100100100001100111011111
01111110010001000111101000111001101011101000111100110010101001001101001101111011101001010111100011110100000001011111101
