11010001111101110111111011011000101100111001101011100010011001101110110100111000001001000100
10001111010110001101110111001010110011111011110001010001001101011100010011110011

1110011010111010000100111011001101111111000101100101010011111111001010000000111101
1000010101001111011110011111110001110101100011000010011111101010001101011101011001110010

111000000100011011111000011011011011111001111010010101010010100111010011110110010011011
11100101101110100011101011011110110000011010010101011000110000010001010011110110111111110

0000011111101101111110100011010101001100110100100010111100101100011111011111010000011011
111001111011100010011011011101111101001110011011000100100100011101001011101001101

1101000001001101111000110011010101101000111111111001110011101011101000
100010100011111111101111001101000100100001011110110101100000101111100110010010111110

11010100100001100110111111100111111001110010000001101110101100111010111100101001
0111001001111001010010111100100110100101010111001100011000111111011110000101110100

00010001100111110111110101010111101110101110001101111000101001101001011000111010001011100
00100011111010111101000111101010000010111011011101100100011010100011010111110101011111100
