111101011000001110010010111000100001101111010110100111001000110110110100111110101101100111001100110011111100100001100010101101101001100101110
101110001101010010010001011110101001101001010001111010111111011111101101100100110111000110101100001001101110101000100111000111100011110101001101000110011101

10110000011000110011101010011111110010000110011101110101110010011010100100011101010100101111111110011101001000011110111110000
1100011011000001100011011000000111010101101100011110010111111101010010111101101111011101111101111100100101000110010000111010111001

011011111100011101011101100100001100100100011011101011111110110010111010001101100001000101010011110000110101111010100011011100010110
100010111111001011101100001110011111100111101110110010100101111110010110000010010011111110110100001110110100011101100001111000001011101011010011000000

01010100010110011100010010101110001001101111000100110000110101011010011101000110110011100101111110111100111100001001101011000101110101011111
1101011011011110100111010000111101100111100100010110110111100010111100001100011001111101101010110100001000010011111010111011100011100011110100

101001101000110100111100011001111010101110010111100111000110110010101101111011100000101010000010010111110000110011110010111010011100010110111111101100110100
11011110010111111000011101001111110101001010001101011101001111010011010101001100011100100011110001000001101011101001001100111101

0001100111110001110001000111101111011011100011101011100000100110100100000011011101010110100111101111010111001011010011
1100101111111010110010111100111100110111100011001100010111111100110010101100100010011100100110101110111110001010111010101100010110000100

01010111010110001101110110111101000011111010001011111110100111010111101101111100111000100100011010101100001110000011100001000000110010111111
101100011101111011001111000001000110111111010101001111000101101000011001111101010010001111111000001000000111111101000100110101111001011110110
