111011000011011001011101111010001001010101110000110111110100110000001101011100010011110101111010110110110001100110100000111
0101111000100100111001111011100110101000111000101101001100010011001001101011100011110100011011101100101101011000110100011111

1010010101100111101100001010101111000111000111011110101111111000100100110111011000011100100110111001011010000110
0110001000001010110111110001111110001100110000100000101000111011010110110011101010101100111010101001101100100110001111

11010001100011110000111001111101110011000011110010011100100110100110110000111010000111010101000000100111110111111
011101110110111100111001111111001101111100001011000111000001110110010111011111100110101100001010011100100010110010100010

0110001101101110111111101011011011001001001000100011110110111100101000001000101010100101111000010010011100000011010111101110111100010111
111001111101111001010011111111100101011000110011011000010110101110000100001110010110000010010110011000011111001110101100101011101

0100010011111001011000101001100001011001011011110010011000110100011101000001111110001111011010111011111001000010001111111
10000010000100010110111000011110111001010100001111010101101111110111100101100010011101010001110110001001110101000110101111110

1011011110111110011000011110101001110010101101110111000110111000101111000100000100100101111001010
010100101100110011110111110011001010101111101100100100101101011011111011111000110101001010001000001100011100011101011

101001010111101011001001111001011001101001111001100100011101001101111010111011011111100011111001011100011001111110100100000100001001001001010
100001000111100101110111110000110111001011001110101111110100111000001000011010000011111001011111011010010
