10000111100110100100011011110111111101001110010111110110111001011010000001111001001010001101110000000110111101010001110011000110111011010001
1101001011011111001000001011110000010010111111100101100011001010010101100101000011110111010101000011110011011

1010001111111101011110110011100111101011011101100001001001100000111101101000000110001111110101100101111000011000110111010
1011011110101100101000010111111110000001100010000110001111100000110011011111110100101011101111100101001101100100010111101001110

0001111010011000101111110111001100100100001100111100100100101011101110111110010100001001100111101001101110110110111000010
110111100011110111010011111101000011011011001000001001111110010001101001001110111011000100110111

111100110001000110011010100010110111001001001011111000111001010101000011001101011001111111011000010001101000010011111111110
111001101010101000001010001110101110110011100110101010100001100100101100111111001011111100010100110010010110100001000111110001011110111111

100101011011001010001101100101110010101110010111111010111110001000110111000111001101001100111001010011010111100010011
01000111110111001001110110100011101100001101110100001001110010110111110100101100001111010111111000111000001101100110001011100111

11011011001010010001011011111010001100111111001110100111100011000111000111001111101100011111111001101000100111000110110010100100
111001111101110100110101111101100111101010001101011100100000001000110110010101000100110001111010011011011101

0110010111110100101101111110101011000111100101111010100010110011101111001000010001110111101110000100010001100
01010010010010010000110001010001001111111001110110001101110001101000101100110101110111010100011101111010110011110001011
