0101001011101111111011000110110110110010000010001011111110110011111101110110010000001111111011000010100011011100100111011000010011001001111010
011000000111010110011111000110111011000101111000111011111110101001100110011100111001000110111010000001010101111101011001111

100001110100110011101011001110000111100100000011010011001001111100011101101101111101011001111001010011111110100110001
111101010011101111111101000011101000111010010111011010111000111110101100000010100111010011001100000001

10001111100010011111111101110000100110100110010110001101001111010111010110010101011111000001000111110111110001010
10100110101100100111010110101001011111101010001100100101100010000011111000010110111110001101111001111110001111000110101

100011011001000101111100111110111000101000111100110111101011011110010111010110110001100111110100001011100001000101010110011
11110111110100101011010101101101110001111000110110000111000111110010000101000011011111101111111000001100010101100001001101

100100010111110001000100000011111010111010110110010111111001011111100000110110000100110111110101001101
010101100000110111111111101001010011101100100101111101100101111100010001010011100101110100100111011111000010011010111010000011111001000

00101000011111001010111101001101100111011010101111001110111000100011000011110111000110000110110001010100
0010110010110111100110100011111111000011111011010110001010000011100101110100111111100111010110010001101000111100001101101110110100

011011110001111000110110010011111001100001001100000100101010010010101111001111100011010001110101001011111000111101010110
10010101110000110110010111101110100111010101100011011101111101001000000100111101010110010111100100110100

0110000101101100101100011101110110010111110111110010100100111011011100001111011101100111110010000010110110010110011001100001
110101110010001011111110110000000101110100010100110011001010000010111100010111000100101011101110010001011111110011010011011

0000101100111011010010011000111110111101110010101001011000110001111101110010100101010110000011111011101000110000101101100101111
000001011011001111111100111000110111000000100010010101101001111111110110011011001100100011110110110000001110011001110110010001010010111111101

1111111000100011101001100010111100001110111001111010001011110101001000011101101101100001111001010011101010011001
11010001110100010100010110011100010100111110000110011011101111011111001110100111001001111011011111100100011110100000101000

1000011011001111100000110101100111010100010010111100011111100101000011101101100101010111001000101111010101111
10010111101111110101100010001101001101101111110011010010010011010000101000100110000101111110101111110010011
