1101101110001011000101100100101100101001101110011101110010101000100110101011000101110001111110001101000110101010110111
1111100101000011110101110000011101110100010110101111001010011110100100001111110100111101101001101000

0101110001111011100100111111001101110000010000111110101000011111011111110001101001010011011100100010010111010
11100111100001100101110101010011111110111001101010010111010000011101000100101011100001110010111111000011110011000110110110

10100000111011000110110110011001110111011111000010000110011101111100001110111011011110000010101101111100011010101
10110000111111000011100001010111100100100111001001111000101011110100001011111011001001101000110111110110100010111

11010111110000000101101100011010101111001111001001110100100000100111001011001011100100001011011011101001110111111100001010000101010111
1101000001000110110101111000011010000011111001101100111001100010110111111111100011101101100111101111110011100010000

100010110111101110010011111101110100000100010110001110110011101110110001101000110011100110010010111110101
10010111100100011100110100001110011101111110000011100100010111010101011101011011001011001101111000111101001101000010011

01000010011111100011110010110011010101110001110110100101000000110111111101010010110001111101101110011100001011011000001101110101
111110110110100100110000111111100101001000001100111000011011110100110111001111001111000100000111001010100011101011

011100001111010010000011100100111011111000101011011010110110010100101011000101101011101101100000111101100110011001
110000111110011001100110111111101000101001011011010001111101101111110000100111110000101000010101110100100111001101000101

1000010001010010111111000001110100111011111001111011010011010111011111100101011111100110111111000011000000100111101000001011001000
0110011100001101010111110001111001111001110010111001111110011010111101011100010110010100011011110001000010101011001001

1001010101100101001010111010110010010011101111100000011011111011000111110000111110110111100001110111010001011001101
111101011000011110111100011101110100100100010101010100111001101011000101111100100101000111001001111011110110001101
