011100001011000011111011101111110001000100100011111100100111110001011101111010011011010100011110000101010011111001
110100101010011111000100111110011011101100100110000010011110111000101001110101000011001011001110011110011001100111010110110

110001101001011111101001111100000011111010100000001001111100110101011011100100010111011001111100110101100001110011011
11110110000011110000110011100001111001000010111001000010100011101010110101110110010001100101101011101000101111010111001111111

0110001001101101011101110101001011111100001111111001010110100011111000000101111000000111101111101010110100010001011011001010
100101100100000010100000110100111011101001111111100001001010111011100001010110111010000111101010111100001111001010110110111111

111101010100001001011101110010110001010111100000101001111011100011010111011101010011101000110111110111010110010010000011111
101001010110010101101011111110000011011110111010011100100011011110011000100011111001100001110010101110111001110101110010

01011001101010000001110111110011010101000100101101100010111111101100111111100100111000111100100110110101010010
101001000001111010100110010100010111110111100110001111110000110010110011101110100011011101000001101101111011010010

11010010001110110111000111110100111000110111110010111111100001111101001101100001010010110010111101110001011101011011100010000001100000
110101110000110001101000100111011110000011110011110100100001010100111111001001001111110001010100111110111011

0000101101000111100010000001001111110001101101111010111001000111111011001111101101011100001111000011001101001010100101011
01100100000000101111101100111101111100101001110011110101110011110110001010000110100111110100010111101010111100010111100000011

11000100100100000111101001011001101001101110011111111110111010001000100011100111011100000100010110001011100111101011111
010001111101010100111101010010111101101000111001111101110011100111000010110001100010011111100001100000011101

100000011011010011110010100110111111001011101101100011110101101100101111010111101110110111001000111110000010100001011100111011100101000101110001
110100001010011011000111011110001010001100101011110011101001001010111111001001000010111111011011
