000001010100101111101110100010011110100000110011011110111010000011010111100100000111000111110111101111101101101010
11001001101110010111000110000111111011101101100111000110000101100000111100100110111101000101010100111000

10110101111001000111111011010110000011001000100111001010010100101111111100000111100111110100011010011011111100001101
11000001110101110010000110011111010001010011110111111101101010010110011111101111110010110100000001100011101001

1001001110110111011011010110011011111110001110101111100000001101010010010011110001010111101111010000101001000010111110011010011
11011010011011000011111101110011110010111011011111011001010111000111000011000100000100100011101111011010101000

101100110000111010000011100111100001111100111101111111101001110100110011100001010111100101101000010110011000100101101001010001111101011111001000
0111110001011001011011000110001010111100011011001011010111111111100111100001011001011011101110100000101111101010100011000

10110011000011110010010111101011101110000101011010011100001000111110111111001000011101011101001111001001101111010101100
0100101001110011111101101110010001110010001011101011111011000000001100110011101011111010000110001111110101110111110010001

1111001001010110000110000111010100001100101101001011111011001110111111000111001011000100011100010100101111111110100011101001001010
0111101100011111011111001010000011110010110010001000010110011110010001010101011010100111100110001110110111111

01100011011011010011100101110011100010111100011110111110101011000101111010100011001001000110111100101110000
0100000000101111000001101000010101111100010001111101010110100011101001010011101111110110110111101001010

1010001000110111100110101001110100000111010111011111011011001101110001111111000110111100000101100111100101101011100011010111110000111000
111001110101111111100010100110101100101111010110001101110101100101110111111001001011000000100110100001001100

1000000011101101110000010100111000110100111000111011011100000101111111101110110110100101111111000011001100100110100100111110101
111110100011111010110110001011100011001111001110110101100101011000110010100010111000100100111010011111101000011111000010

0001110100110110010001101101001001011000110001001001110010100010101110101111110001111011101111000011011011110111111011011001011001000
010010000111100010110000110010000011011110011100001111011001010001100100111111010110111011111000101101001010

1001011101001100111101000110010111100011111110100010111100101000111001111010000100110101010001000011000111101101110000110111101010110
1011001011001111010101101000110010010111011100001111110100110111100001001100000111011111111001010000101011001010111111101111001111000100011010100

0011000011001111111010001011000110011110010001110111100001101101101010111001010000111100111101010
0101010000111011110100010000001100111101011110011111001011100111011110100100110010111101100000101111100011001101

0111001001010001111001101111110111101001110111110010001101111001101010110010111011000101100010101100000010011010
1010011011111101010101100010110101110000011111000010111111111000100100011111001000111100110010110100010111011001
