11111010000110011101001101000111111100110000011111001100100110000101010101011100000011111010101100010011011111101000100101
1011000101110001110101000100011010010001101111110101101111100111100110011001010100011110100111000111111011101000110

001000010001111011000000100011100010010111011111101001001101110111101100110111010111110000011110011010101100110011110110101001011
0101100010111110100110111110101011010000100000110000100110111110001111110111010101110001001101101011110110

1101001111110000011101101111101001011100011110011000110100011100111101010100010111000111111010000100011100111110101010000011100
0111010100001111000100111110000111111101111000010110101110011100011010111101011101100100101000111010100010110101110

11011000000100011111001101011001100111100101001001011100010010101100001001010101011000110100110110101100001111110111111
010110110010111000010010011100110001101010011100111110110001110111100001011101110000001010011110110111

001000011111010001101101110111100110100010111100111010110011010000111101001110110100010010111100
010111100110011110001110010000010110111100001111011010110101111100111000111010000011100101110111110101100101010

10000111011110111101100010011011001101110110101101000010110011110011101000111101111000001001101100100011010110010011111110010
0000011101111100000011011010011101110101010001011110000001110111110011110001010011101110111101101001

010011000110001111111100100111100110000100101110111111001101101000110101001111011110011000100010101010100010
01100010111110001101111001101111000100101101110110001101001000111110010101000100010101110000001111100111101001111110100111

0101001000001011100011010001111111010010010011100001111111111011111000010111000010110001101010011101011001110100110101111101010001101
111011101011110010010001101110010100001111010110011001001101001100011011010010010110011110011000010111101111111

111110100110110111111011100111010011011001011100111001100001011111000101110100100000101011011000001101000111110011100110
100011010110101001000101110011011110011000111101111110100110000100110011111100001010010000101111010011100111101110000111110

1110010110111111100010011111101000111011000001011110110010001111010010011001100010000011001010101011101010100001101111001101100011101
1111000110001111110100110011101011110111010011011111101100100100001010000011011000100101110001001111010101000001101110110

1101010001000011110110011101010001101011100100101111100111100111110101001100111001000001010011101101001
110101110011011100001101010100010111100110001100100010111100010001111011010101110110000111001100111100010111100111

00000110111001010111011111001000110111001011010000110110111000001111111011001100001010111011110000100111011001
110100110001100111110010111010101111001010110010101001111011000011100100011101100010111010011110100

0110001011010101101001110100100001000111111000001111110111111100101011110000010110110111001000100111101100100001101111101000101001110011111100
0110010001001110001110110011001011011110100111111101000111111000100001011011100010100111100011110100111001
