1101001100000101111110010001110110011011001011000000101110000100111010101110011110111100111011100011100111010101010000111101101101
1100010001111001100011010011001101001001110100100011010011100101011011110001111001111010111001010110110010111110100011000111001110100

10010110100000100110001011111100000101001101010111110010001011110011010001110001111101110001011011
00101110010011000010110010010110110010111111111100100011100101111000010010111001101011011000010001111110110010011011011110011101000010110

1110010100100000110110101110001101000100111000111001111101011001101011101001100010111010011110101001010100110011001011010011111010011101
0001000001100111111001011100110001111101010010110101110101111101000101101001111101110000101100011100001111011010101100

011001100100110111111110100101011010010011000100001011110100001111100011110010010110100000111101110111111101000001110000111
010000110110000110010010001111110001110001010001110111001110111111000100111000111111000000111011001001011101101010110001111101111010

000011111010011111111111110110010011101101100001100100001001101011011110010101100100000000101011100010011010011100110110011110000111
1010010001110000111010110001101101000011001011110011110101000010011100110010101100111111110111110101100000101011000111011110011011

100010111001110100011111101100000110001111000101010000010111010011111010100010111001101111111001001101
01000011111110110001010001011100000011011111001001001110001111011111010110100110110111011010111011000100110001011110011010100

100001100111101101110010011010010100101010000111100101011011001110101111011001100011101001110000100111001111000101111
1111010000101111100101011100000110110000100101111010111000100001010100111011010001101101010110100110111100000111001100111
