110010000110001111001001101101111001010011101101111011101000001101010111000110110111000010110011111101100110001000011111111001010
01001011000010100101100011110110111000011101000001111101110000101011111000011010111110000010100100001111100110111

0010110101110100101111110111100000110001100101110100000110001111011001110010011000101001111101110110011101101000011001101101001011111
111100001011100111101001111001100011100001111011001000101001111101011100010100110001001011011110001000010001101101100101100011111

1110010011010111001111000110111011111100010101100001001101011100101000110001010101011100001111001111000111001100001111011
101110110010001111001010111100000111111101100101111000100100010110101001011100100110001011000111111000100111111000000111

111010111111011011100011011001001001011000100101010001101011011000101001110010111001100110010001111100111101110001100010101110111100
100001000100111111001101010111011111000011110111111010000011001011011110010000101101100110010001110110101011110010101101

0100110001101010010010100110100111110011001111110011110011100000100111001110011011010100010111010111011011
100101011111010010111001100101011111100100011010001011010001111001101001001010001101101110100001100001111010100010001100011100

0111110111000011111010011111100110110010100011100100000001101101111010101110101101101110100100000011001111110101101101001
000000110011111010001011110111110110011010011101011011100001000001111001010011111010000010110111110111101001001110001111001

101001110001101010111001000011010011000011100010011111001011111101110110010010110110111111100001011101111100001100011010
1010110110010001001111010011011000011110011111100011000000110110101110100011000011111011010100111010011110001010001

11100010100010011110011101100000100101000110000011011100011110001010100101111110010101111100110110110111100111101000111000110010100011101011
101010011110010111010111110100110011010100001100011100010011111110000011001111000101100111100111010110010011010101
