1011001011000010001011101100100111000011010010100111101110010100110111011111010100000111111110001101001111110001011111100111110000
000011100110100101000111011010100110110011111101110100111110110111010000111011000001010001111010001101110010001

11110011110100001010111101100110100111000101110000111100111110110001001100101000011010010100001101100100111
1100011010100001110101101110001111011111000100101100010111101011110010110011011100100010011101010001111010001110110011000

111100100111010001111001011101001000011101101010010010111111110110011111110011011001101001011111110000010100000010001110
11110100010011001001100111110001001001011101011010111111101011101110000011010111000111110000100111001100011101111001010101

1101111001101100011111001100100111001000111010000011101001100010000101101111010111011101001111000010111010100100110000111111
1000010001010110010011101001100100101110010100010101101111100101101110100111000110000111001000110101011111001011111100110101101110

01010100011111000000011011001111010010001010111110011110010010011000001110101100111110111000111101110101000101111101
11111000111001101001111010101000011101001100010001000010010101101110100111010010101111111110011010001111010010001100101

10111101011011111001110011101010010001110010110111000001101110010100001101111110001010100111101011001000101001001110111110
100011011010110010011001111010110001111000110011001110011110000110110101001111111011110110010010001010101111010101110111000010

1000001111100101001110011000101111111010010100100011111111001011000010000110000111011011000010101100111010011111110101000110110110
011000110100011111101011111011010001100011101110011111101110101000101010110001110000110010010011111110000111110001000010001011

11010010110001101111001101011111011001101011011111101111010010000001110101110000000100100111110001100101110111010110110100000110010
01001010001001001101111000110111111100111010000100111000110101000111110110001110011111110111110000101111100000110010000101
