11000101100001010110000111110111101110010000110011101101101101010000101101101011111101110000110001000011101001101
1111010110110101000010011111011011000100010101110010100011100110111100001111111001110101111111010010001000010100110010010111

11010011101100010000111101011110100001011111111010001110111001110111110000111111001110101000001011010000100110100101
111100100000011011100111101101001110011101010111100101101011110011000010001100110110001000011100111001111010001101011011

10110110101110001101010100111111100111110010001100011001010011110100101000110100111010010000110001110111011111
1100010011111001000101011101000010010111001000111111010110000101111110001110111101000010110101010011111010110

011100111110100111000101111001101010010101111101101111001011110101001000010110110010011001110110010100011100011101000100001110100011
0011000111011101010111101101110101100010101111110011101110111000011011100111001000011100110000101100011110111000100111010

0001010000101111001000011101011111111010111001111101101101100101111100010000111100001100111011000011100000101101110101
01001101110000101111100000011100010010100010110111101011001011110111100101110101101011011100100000111100110111110000111011100

1011111001111001100111110000110111001111110010011110100110110110001110011110010011000001011100111000101010000100010100111001010000
110100101101111011001110001101001111110001110011110101111010100111110011001010010010000011110101110000011100100100101101101100

110000110111100000111110001011001001010000001100111101011101000111110111001101011111101100010011100010101111010011001
11110111010000100111011111001111001110110100110001001010001001111010101110100100111010010001010110000101100001011001111011111110
