011100011101111110111110100010011110101100001011111001001000001001100011011011010000101111100111001011001000011101001101101
1111111101100110100101101010100010001110010111100011111001000101011101000001100011101001100111011010001011101001101001110011011001

11000110010111011110110011011010100011010011111000010000110010101100010100110111111101001110110000000111001111
100000010001111001100001111110001101111001010111011010111100101101011100110111101010011010010101111000011010010100000111000111001001

111000100110101101100001110100101100011011111110111011000110000001101001101001010111101100011001111
100111001110100110111001010011000010100111010000110110011000110101100111111101110011110101001110010011111001011

01100111001010100011111011001111110101010110001010111111011111010010000111101101100000100110010111001101001000
1011010100011110011100000010101011111101100101101100111110100001100001011101011000110011001111110000011110111

1111101101110000101110110010000111110000011011111110010010001110011101010001100101001000111110110011001001110001101011001001
100001110111100001100010101100010110110100101110011010111110100001001010111110011101001100011111110011111101111000101010000100

111110001011111111010001111011010111001001111010010001110110101000010110011111110001100001010001101010001000110111010110
0101001011001101010100000011011111100111100111100111101100001000111011000101111101100001001101011111010100011111001001110

00010010101101111111010011101110110001000101111111100101011110011111110111010000000110110110011000110010001110101101001000011010
101001001111010000101111111110100001110100000101111001111110000010011001011000110110100111011001000011111101110101

1000010100100010001111101110010111111101101001111111001000111110100100011111011110010100110001100
1100010010111001000011101100010111100111001011100110101110010000111011000101111100010110101101110101110011001011

100000010101110110100111101101001001101111111101000111011000101000010111001010001110101100110001011111001111010001
1100001100010000111010101100101100010001111110110011100101101011101111111010000101010011101000110111111010001101001001111010111001
