001011110111000110011011001111010010100010001111011101110110101110110010100011010101001100000111110
101100110001110011011010001111010011110011101110010000100101001101110111111001010011111101000

100011011011111011110111010010100010100011010111000000110111100111101111000111001000
11110000101100011100111111100011010101110100010101101001111101101101110001010110100110100010011010

1010001111111110101010111100011001101101100101110111100100001100101111001101100111001000010000110100001
11001000011001111101110000111011111011100000111001011110011001101100111000001011100101111110101010

100000100111111010011011111101001101110101100110110111100000011111101100010110010100110001001000
100111010001110001100101110101100011101001001100010110001100101000111010101000111111011111000101110011011

0011110111111100010000110101001101111000100001111010100101011110001110011101
10110011001110011101110110001111111000101111000111010110001000110100101100010100001100110111100

111001111011010010010001101000110101011011010111011000000110111111010011100111000111110111101110101001011000001000
111101100011011111000010110100100111101011101000011101110010110001011101011111000111001000

10001110101100110111110111110011101101001001011001001011010001101111111001110111001000000
10001100001111000100111010011111011001011000101100110101111001111011011110111100011101010000001011001
