1101100010100101111101001011110100011010100010100001111101111011000011111
1000111000100110010101101110110010011010000000101100011111101111111101100001011110101110

01001111001011110100010110000110010011111110011101011100010000101011010011000110010110111111
1000101011101101000111011001001011110101110010111100011010011111100011111001001

01000010001011011001110111001000101111011100010111000111111010010110100110101
11100000001010011010100000111110110100111000010010010100110011110010110111110111111100

11100000101100101001001111011101111111110001111100101001010100011101011000110110000011101
110010111001110111100110110111101100001001100111011101001010011111000000101001

011010010000011101011010011000101110110001111101100101001000101111011100000111010010111010011
00000111110001110111110000111010110100101001110101101100111101101000001110101110

110101100001111100111111001011100010111011111010000101010110011110000010001110101
11000101111000110010111001011111111100010000010011000111000110110111010001111011011010100100101010100011001

011011101011000010010111111011101100101101000110101101101000001111100010111000010111
00000111101011011000111000011110110110001111110010111010010110101111101001111010000011010

000011000010111110101111001101000111111111001110100101110011001101010000101111101011010101001
000011110110110101000110111011111010111011111100001001111010011010110001000110010101100

11100110010111100100110101101111111101101010001100001001010111100010001100011101
11001101011110110100101100100110000101111110010100000100101100001110100010001101111110

11101111010111111001000111011011110011001111010011010001001011010111010011100000101100001100001
11100011011101101001111110110110101100101110011111011100100000100101010100110101100010

010011100110001111011101011000010110011100010010001011101000111010110100111100110011
1100101001100010011110011111010100110001001011010001010011001111111011100001
