011001101000101001011110001110101111011111100100101111001001101010110101101001111001100111110110001000000110010111000111010001101001101
1000010001110100110101101100101100010001111010100010110100111111001000011111110001011100111101001010111000111011000110011111

1000010101111000100111100001011101010111101110111001110010110111100110100111000000101011011001111110001100100110
011101000110011011101111110011010001001111100110100001110011110010110100000010010011111111000100010100011101011001111

00100110101010010110111110110110001101110010011100001010011011111010111111000000101001110111101100100000010001111100001
10100010010100110101110110101011001111101100011110001100111101101000111101110010100101111101000111001000011101100

101000101100011101111100110001001000111110000001111100001011010001111110110010110111110101110110001101101110110100110011110100001010101
1101000001001001100100011111110011101000011110100101110011000001110010101100100100001011110010110111110111101101101011011

11111110010011110011000010110111011000100010100110001000011011110001010111110100110101001001010111010111101
01110111110010101111001101101011101001001000111000100001100011011011100101111110001110011110011011010111010111001100100000010

101001011011100001101101111010111011111100100000110110001001010111110100101001110000111000011011101111101000011100101101011101000110101
1111001111010000100011101001111101001001011111000110111111011001010001100010111011000110111011010110010001010000

10000000111010110111000111111111011011110010110110100001010111000101110011110100110000110101100111101000110010001
110101001101100111100110000111011111010110001111010100111001000010101100011010010111111010101011001110100001001100010001110
