11001111011001111100001010101110110001000101001111001011000000011110011101111110101001000011100101
11111011100011101100011111111100011110110001001110000101101000101100001000111001110110001011101010110010000101011110010100

11100000001110001101101000111101010111011100110101110110111111001000111100110010101100100100011010111111001000011011111100001
011001011010000011111101101000001100101100001011011110001010111001111001110110111100111111010001011100010010100010111

1011010111000110100011100100000111110010111111010001001010111110011000110101001101110001010110010110010110001
10110110101110001001110010010010110111011001011000001001110000110100101101000110101111011000110101111110001001100001011111100101111111

1000000010001100010011101011111110101110110111100101110001110010111010011010100110000111111101100010111110111010001
10001111110011111000011001001110010100010000011101110010100100111100000111011101010100101111110101011001001001111110000010111110111

010101101011100011011100110010000111111100100011001011101011110011001011001000010101111010111110011010010000111111001110011
111001011001111100010110011001110001000110101011000110100001101111001001110010100011000100111000001001010101111111011111101001100111

111100010001111101011001000011010010101001000011101011111110011010011000111101110110001101110011010111010000011110100111001010101
01100110101100101101100001011010100111001100100111010010111100011111000111000000100101111111010110001111101101100101010111

1100010010111011000111111010111011001100101101011100010001010101000001011010011010001111110000111011001111000111001
01110100111011111100000101111010010101010111001101110100110110011100011001110000001110010100100110110011110110010110110001101

111000000100110101001110111001110101101000100111100110011001110111111001000010101111001010001101111111000100110
00110111001010111110011101100001011001010001111111000111101111000111011001010110001010010101100101000111111100110100000

111011110100001111111101000101011110001110101100010101000111000001001101110110001110101101001100101110111100011001001000001000110
0111010011110001010110000010111011111101110000011111001110011000010111001101001100111101101010000110110101101001111
