010110100100010111110001000000101111010011000110111110110110111110000111110001110101011000011101001110100111011
101001001010000011111100111010011101100011001111101011101100110111000001111110111110110111110000000010111011010101010001

001001111101000100101011010010011100011001111100101011100100100011111011101111100010000110110010101101001110011
1000001011101110101011101101010110000111010111011111011000111001100101100100110110011111011010110100001010111100010011011000

101001011100101010110110001111111100011100110101101001110010000101111001110110000111001000100111111011110000011001101
11001110010000011000011100110100010011101111101100010011001011100111100001011011011011011100101000110000100010110011101101010011111111111010010

1111010011111100111010101101100111100000111101111101100001100001001011101001001011110111010100011101000010011111111000
001111111100100000010111101101100011100010001000001110111110011110100000011001101101100100101100011101101110100100011111010111101

0111011010100100000011101010101000100100110011111011111000010101010111101101001100000110110010001011001100111100111101001110001111
11000011010000001110001110011111110011111001001110100001111100111101110100001111110110010011000111010110100100110100101101101010100100110

00010111110001001000101101110100010111011111000110110010010010111101001110110101100011010100000110111111110010110011000110111
0110001011001101110000101011101011000100001101011110001001001110111011010101101101000111001001110010111110000100111000001111111

110110101001100000100000101110100010111101111110111000111001111010011111101101011100010010111100110011000110001101011011100101010
000000101110100110111101110100101001110110101000010110110010101111101101111010110001110111100001001101111110010001

11111011000010001000111101000010111000100100111110111100001101010100101101110101011000010011101001101111011001
000000111100001100000111110100010001011111011100000111110111001011101011000100101111011111001010101100101101101
