100101100011111011011000010101101100101111010001101100100101111110101100011101110100001011000111000101110111110001001100111011100
1111011100010010111000011111110010001000111001100111110111010011001000000101010110010001011101011010100011111011011000010110

01110111110101000001011001110010101011100010101101000001111100100111110100010110110111111010101100111100010000110110100101111
01101100010110010101110110001111010110001000011010100011100100000110111111101000011101011110011001111100001011100

101000110111001001111001111011100001011101111011011111111001001100001110011000100001011001101011001110001011011110001
110110100111011110110001101000001011001101100111011111110001001001011001111001110010100011011010111010111011011100011110000

10010000111110111000000110011011111010101001101101001111111000110111110111100110000011110101001000000111011010011
100100110001011001100101111111110100011101000001111100110111000111010101001100000101100000110111110110001111010111011100001111011101010100101

101001010100010110110001101101110001111111010000011110101110110110100011010110100010000111111100100010010011010011110100111110101100
101110100111101010110000101011111001101100000110001001111011100011110001011011101111100110110000111010000

10010101100010010011110010111111001101000011111000111111011101100010100101100111101011001010111001110010011011100011100101100010110001101
011000110100100100011111101111000100011011111001010110101001100110000101100001110101111100001001011111101100101111101101111

1100010001111000001111101110011000111101101010111010010110111100001010001100011101101101110111000100010010111100110110100100111001010101110000000101111
01001001001110101011100110011100110101101101011111010010110011011110100001100010011111111010011100010100110001000110
