10100100001000101100101101100011010001110010010110110000010011111111001110011101111100111101100110100101111010011111110101
100101101111110000110011111111000110110101000111011100010010111010100010000110000101111010111101100011011110000110

1011001001101001001111011111001000010110000011001101011110000101011110111111000100001010100101111110011101001110111
010100111110100010001111101111010000100110010010101100011001111111011001110011010000110001111011110010100001001011010111011

0110000111011000101110001010111101000111110011011011001111110011111011101011000010110111001100010011010101011000100
101000101111000111010011111001001110010110000011101000010101111001011110111001011010011111101000111001101110110010000111110001100010101

1111001110110001001001110000110101001101110001010010011001001010101001000000111101011111111101110
100001100101100101000001110100111110011110101100001010101111010001110111101011001111001000110101100100111110101100

111101101000111110111111001000011100011010111000001101101011100010011100110011100100111101010010001101111000
111010100111110111100111101101111000100010100011101100100000110101100010100101101101001110100111100010

010001101100011111111101001001110000000111001111011011101100110010100111111000101101111110001101110011010111000100001110
00001111101101100111001111100011001111100000001011011000111001101111010001011110011110011011101110101100101

1011010001010001110101011010110111110011101011100000100011100111110110001001001010011101100000110100111111011111001011101001000
11000010101011110110100001111010001100001101101011011011100001111111101010001111001011100111001001010011111000110111110010110

1000001111111111000010000011011011100001001110010100011010110111110100100000111101101101110011110011001
00001010111101110010100110111101110000010111011110100110010101001110011110110100101111100011101100101011000111111100111000000

0011111100111110001001000110101100100010001100001111101101000001011101101101010100010111100101111000001101111001101001001110111111
1111111001011001111011100000100000100100001100011101101111001011111110111010001111110010000010111001010100110110
