1100000100111110111010000111101011001000001111101110001110110111101111001001010111010110100100100011110111001100001101
00100111111110101101110101110100001010010111111100111011110001111000000111100001101001110010010001011100010101011010110011010000011

0110010001110111010000110011100111110100001100100010101111110111101000100011101110100000110101111011110101011010011100
000010001111101101001010100111001011101001101101110010111111111010110011110000000110111010000110010101101011111000110010011101001

010001000101011100100100011100001011111011010101100011101101100010111100010001100110011100000101111011111111001001011110011
01001011001111100011001111101111110001000111100011010100111000100100101111110001001110100110101001100110111100101

0010100101001100011110110100110000010100111100000110101101011011011111010011100101111001111000
11001010010110001010101001111111010111010000100101110111101100001111111100111100010011001111010010101100100111101100000110

01000011111010110001101011110011010110011101101100000011011110111101001001110011100110110001010001110010000110111
11100001110101001000011000010100111001100010011111110100111111010100010111101011001111010111101001100000011111001000110

010011101111001110010110010011110110001110110001101111011001110011000110101010001100101101010100000111111111001000110010001111010
011100101011101011110010111001011011111011101100100000101001000001111001000100001101111100101011111001010011111010000100101111

11101001010100100011001110100110101110001000111101001111100100100000011010111100001010110111110011011101111100011110
1110000001111011011001101110110111110100110010110011011001011011111010011100010101111110010100001111001111001010000011000100010110011
