00110000011100101101111101000111111100010011101101110011101110110101011111010000111010101001100111111000100100010101001111010011010100010110
10101100010111110010000100111101110001100111000010101100001101001010000101000100011111111011110001110110010000111110111101011010

00101111110111000010010010011101010111111000011001011011111110101000011100010001110110010011001110110011101011011111000111101000010000
0011000001111110010011111111110010110110100011110011001001001110010011111010100001111111000110110001011011101000001010101

010110001101000101101111100111110111010110011000110110111110010101100011010011001111100000010100101110001001111101110101111101110000
01010101011110010110100011011111000011001000100100011011110001001011100110100010010010111111101010111111000101111111010100010110111

111101100001100011111111101001011100011101100101010101100011100111100100110110001110101110010000111001000011001011011000010010100110
001011101011110001010001101110101110110100101110011011101011001111101000100101011110100000111001001001010110110111111001101011001111110000011001101010011001110001000011

010000110100111111111011101011111011001110101110100101011100100100011001000001110100110101000111011010111000010111101111100001100100000011001111101001
10111111011110011110010000100111010100110110011100101110100100001100111000010011110001001101101000101000111101010010010111001110011101

001101101101111000111011110010010101100011011010111110001111110110111110001110000100011000010110011101001101010011010100000111
10000110111000001101101000110111000111001100111001001111110110101000011101101100100100011010111100110101100101101001000101010111101011110

01101110100111100110111011100010110001110110010111110111101101001000101000010111111010001011000111011100000111110100
01001101011001011110111110011000100010010011100011011101010111100010110100110010110101001010110010010111101111100100110000111010

1101101011101011011111110101000011001111001100100111110111001110000000101010110110010001111100111011100010101001100100001010100111011101101011000
100000011011110100010101011011101100000011011010011010111110010111111101110111111101010101000101110010011001000011011110011101000001
