10011010111000111111010001100110000010001011110010100110100101001101101101001111001001011111100111100101011001111
11111000000101010101100111101001001101110000011100101011011100010110001111111111011001101001011111001101100101000011101000111011

1100001010011010100110110100100010011011001111111000111100001101000001011111101011010101110001111100101011101000011100111110010110
01110011111100010111111000111000100001101110001110010001111010001001111011111010111111000101100101000101000100101100101110

010100111000101110101111100111001001011111110011010001101100111000111100111011001100000110011111110010111010001001100
101110000110101101001111110100101100001000011001100010100100110010011111000111000111111010111001011000010

1100011111001110111010001110100000111011010101000100101010110111110000010111010011101111001010100001011011011110110011001111111001
01110100110010101110001111011011001001001010100011000010100001110101111100101101011111011100001000111001101

11010011111000110101010000010110001010010000010111101011111011011110110010110011111111001000011101111001011011101100010111010
100110110111101110101100100111000111011001110110111110001001101101011101010010011111000001110011010000100100011100011011010

111001101111111001000000011111100111001000100110011110101001010111010100011000110111010001001010010111011001010100010111111001111101
010011100010011101000101011111110100000110001010111101101001111110011111010110111011001100000011000110111101101000101001001111
