0010101001111101001101011111011011110001111010100010111111101000010110111000001011111100110111100000011100110010000100001011
00100000110111001111000010111011000011110110010010101000111001111011010010110111001111001101111111101001011101010011100001010010110011

10010101111000111110000001001111100001101110110100110111001110100110111001010110001101001011000000001110101001111110
111101011010011000011000001100100110101000100010011011101011101011000011101110100001110101110000111111010001111010010111110110110101011111110010101101100

1111000110111111100000101101010010001001101011101001111010110111001111100110111010100010000110111001111010011000010101
111000110101011111010010000011110000111010100011100010101101001101101001111000110101000000010001111111011011101

1110111101111010010000010011111010001101101100000011010011011001001111000001101101110010100101111011000100111100001110000111111
0100111000010010010100001101111101010110110010001110000111110000110111010011111111100011010110001101101101111001100101

00001000011110000100110111110111110111101011100100110110101100010011011110111000101101000011111101100100001101010
1111101000110011000010000111111001111001011010000011100010010110101001001001101110111101000110110111100111000101101110001110110101

1110010010111110100111111101101100100001011001001010111010010001111010100100001001011110000110001000111010
101001001001110011000010001010111010111000110111111101111111011100010100001011110011100100100010010000111111011011011110

0111010101110101100110101001111000000100001110110101010001101111101110010101100101110100001111100100100000100111100010111
0111011001000011011001111011011010101000010111010111001111111000101011011100111011111001011000010010100111111001100000100110000101

1001010100110111000100001111001010111110010111011100001100110011010101001111010011011101000001101011010011010111111101110
0111010110001111100111110110001001000110011100100110110010101110101110100010101110110001000001110111010011000
