0111000001001111010110111010100110000100100100001011010110111100111110000101100001111101110000101100111000011010110011010010011111111
011100110101101100010100100100011111100101011110100011101110110010001011111111100100110000010100110010111111

111100000110111100000101100111011101001110011111011101100100010111011111110101111010000001100011110011010111000010000
1000111100111000110010111010010111110100110011011111010000100010101000111100010100110101100100001111100001001110111110100

110001110010011101001000111111111100000101010110110110100101011010011111010111011101011011000110101011110001001110011000
01000000100100101111001111001001101010001110001011100011101000000111110000110111110100111100111101101010110110101

110111110111010110100111001101000011100001101010110111000110001100100100010011111110001101
110011010001101111111011000110010001111010001101111001000011101101110001010100010111110010001101111001010101110100001001

11010111010111101011000101001101011101011100100101100011011101000100010100010111110001000110000011001111110100001001100111100010111111111011
11100110100011010000001100010100100011111110111010100011111010001101010101110000110111001100101011011111000111110010111011001

10111111111110001101011100101010011100101111001110001100111001101111101011100010101000101000000100110000100111101
0011111001100001110110011110011010010001001110001100110110011011100101101011101111000000111100011101010001000011111111001

0010100001101110110111001100010010101001111001110001111100011100011110100001110100111010111001010110111111001010100101011
0111010100001001011110100001110111111011110101001101111001110000011010001100011100100101111011010111100011100

010001101010010010010011100011001101001011111110111010000011110011101011011101111100001001001011110101101010000101011111100110001111
10100111111101000111101010000011110111000111110001100101110011010100011101011001110100100011001111101100010011010
