1001101010111110010011111001111001011101101000100101000110110101110000111010001100101010110001111110
1100001110101101111100100000111011001111011000110110010111100000101101100011101100011100010110111110010111100000100100101111

1111110001000110000101110011101000001000111010110000011001000111110101000101110111110111010110111100001011011110010011011001
101100001101011111110010110101001101110010111010011111001111110100000100110001111001011000111100111110000110001010001

1101010111111000011101011111101110010111101100101000001111001011001011110100110111010011100011111010100101110010001000
01110111100010001101100000111111101000011111110110101101010100001010001011011101000011110101110101110110101001101100

11011111010111110001111111110000000100111101011100111010011000011000100101000111011101001100110100111011011000101111011000001
1001010000001000011110001111010111111010111000001100100110100101100111111100110101000111001110011110011111101010

101001010111011011100110010010110101101100011111100000101011000100111110001100111100000001010000111010011111101001100111101101101011111001
0101001111011000010110010111010110101100111101111001001011110100111111000001001101001111011101111011100000100101001100100001011

0110101110100111001001010100110110101111101111111011110010111101100010111011010100001001111110011011110000101110000101100011011100001001000011100
1101111100100101010011111010001110110111111010110000100011011110110010101000001110001001010111111101011111001010010110010001

0101000011101101011100011111100111010101001000111110001000011101111010100101101001100001101110011010111110110
100000111001001111000101010111011111100101001001000110111100011011100001011010001110100111000010110010110010111111110001

0100110000010110101111101101110011111001001110111110011010011000111110011011011100110010101101111101000010111001000
11000000101001011111010011101101100110111011110100001000011111111101101101110110010111010100000010001101011001

01010010111101111001011101101001110111111100010100110011111110001011111000001000001100011101100110110011001001001001011
11010010101111100110100000010100111110011100100000111011111110000101110110101111101011101110011100100010001001110111010

10000100111100001100001000010100111001010000110111001011101110111110100111111001111011111011010001010101000101100110101110001
000011010111011110010111101100101100011110101100101001010100011110000111110000100101111001101010001011101011001011
