001011001100000001011100010111000110100001010111001101111101100111011101100011110111110111111011001110101011011100000110110010010000000011
00100100001110011010111110110101101101000111101111010001110110111000111111110010110111001001000001000001101111001110011011000

101101100110111101100010111110100111110010101010011010011101100111100111001100001010001110111101000001011100001100111010100
110101000001011011100001000111110101001111001001111000011001001111111110001011111001011001010001110011011001000111101111000100111011010111010

11000000010001011001111101000110011010101011110011101011001100110111111110100110100111100110111100000001
011001010110001100111101100100011100001110011011111110010101010001100011100011011111110010101010111000100011111101011001

10101101111101000010110010110111010000111010110001110010111110000010011000101010101000001111111111001101
011110101010100100110000100110111111101011011101111001101111011000011101110001111001001110001011100100011101100100100001011

00111000111001011010010111110100111111111011101010111110110110010101000010001100111000111001100110110000000111110001011010
01101000001011010001011110111110011001101111110011110110100010100011011100100111010110100000111000100111101

00000010111011111101000110010110000011011100010000111001001101011101111000111101101110110101111101111100001001
0010111001011110111101011001110110011010100001100000000101011100101111011100010110011011010100111111001111010

001001010110000101011111101001010001011001001111101010011111111100000011110100101111000001010101110111010110110111001000
01101110011100001010010110011110101110001101000110101100010100111110111111100100010011010011000111011001100010111010001001110011111001
