00110100110011111010100111010111011101111000111110101100000001110101110000101111001110001111010110111111101101010001001111100010100100100110001100
1001010111100010011001111011110110001011111100000110100010110001101100011101100111110001011010001011101011100111101100011001010111100100001110111111

0010100010001011010001101000011110000111011010111000101110001111110100110110101001110001111110100110
101100001000111110101011100111100111000011111101101010110101011101111010000011110000100111101011001000011001010111110100110011101100100010011

110101100000010100010010001111101011011101011110110111001101101110000011011100101100111110111101010000011011111101010011010010
0000011111000101011111001011111001000111000001011100000111010111101001111111000110110010110111101100101111101010011011100010011101001001

1100110100111100101011100100011011001111101011000111111000010110100110010101011110000011110110011000011011111101010011101000
001100001110101000111101001101011101010111101011110101110101000010001110111111110110010010010011110110001100011101101000001111001

110100110100011111001010111111011011101010001111011011100100011010111111101101110110000001001001100101110000100111000100
101010110011001011111111010001101000011000101000111110011101001101101001110110001011010011100001111100001111001110111111110110011000011

111110011011010110111011101100010011001100010110110100000011111111100110101001010001001011111000111111010111001011000000110
0000110010011110001110000111110111010100101011011000011110001101011110110100011001100011111011011101001100010101001

0110001010111111010111110000101011110011100011101010001011111001101111000111011110000110100010010111110010110100001100
0101010011011001000001101111011111111110000100111100010011001000111001011011100011110111101000110001010011000111001011001011101111111
