10101101001111101111011000010100111001110010010011100110011100010111111001100001010010000011011001100111000111110111101100
111101110011110100110100101011110011011000000111100011011100101111101000110110010001001010111010000110000111111000000111100

1111010111000011110110101000011111101100011111101000010011100110000110101010011100101001011001110111011110101100001001101110011001010100
1010000110010001101001111101000011110110001011110011110011010100100111111001000000111011101010001001011101111111001111110

1100011001000010100110000101110101100000111111010111111100100110001110110010000100111111110101101010
11001011110000110111101111110101100001100001110001010001011011101011111111011000100001110110111101100111011101011010000011001100001000101

10000100111111111100001011010111111010110100010111101010011100110001011010001100101000100100111100010011000101101
10010111010100001000001101100001110111001011000101010111101101011011110111111101011111001111110111001110000011000010000001111010011

1110010011000010010000111011100011110100101010111010011011110001010000011111001010011100101101111101000111
1110010101111010010110101100011001110000100110000111011100101010001000011011111011011111000010011101111101111010010110101100

0000111011011011100101011001011111000000101001101111010101100011111011100101000110001111101010001000010110111000010110111111011
1100010101110010010110011011101110100001000111111100111111101010101111000111010100110110010100011110111100000001000001

00101100100110101111110000011110011011010100111101010101111100001000101111100010100111000001111110100110010
1010011011101100111110100000000111010111111001111111101011010010010011001000010011001000001001111110110011110101111000110101

000011111011101111010011101100001001111100101001101001001110100010101110111000111011010110000001001011110010011000011111110010000001
10100010110111111001100111101111011011011100110101001111111101001100001111110000111110000100001100001100111001001010111110001001000101011011

11010001011101110110001010001011111110100101000001110010000100010010111001000011010010101011110111100111101111111101
110001110100011111111001100111110000110010011110110101100000001110011111000011011010101101111000001010010011110110101

11010000100011011011111101111001001010101011011110111000110100010100010110111111100011000110011110000010010011
110100110011011111110011001011111001011100100100010001011001000101011110100011100110000110011101111110001010

111110000100111101011100100001011010100000001111101110011111100001101001110011011101010011110101101001
1000001110000111101010111111100011101001110001010101001101010001111111111101100111010010010110011001110000110110100100011101

10110110000011011110111110001111010100110001010010111000010001100001101010011110000101110110011110101101110100
10000100010101111001010011011010000110011100010111100101011110010101010110101110001011000011111100001100011101001110011111
