011010110100001110001110101011000011111010001110001011111010100001101101000010111111111100010010110100110010111110
110001000111001101011101000000101101001111100001011011001011110110111110011111100101101000100

001000111001110100100110100111000011011011001111001001010110110001010011011111111111100111000011111
01100111100001000011010111101000010010000101100110011000111110011101100101101111010101110001111001011101110001101111

110001010110011001111101001110010111110011010111110101101000001011100101000110111101110100011110110001001010
011001110111010011011111000001010011000111000100010111110110001000010110111000100101111100010010110111101011001111111

11011101001011111010011011001111101000010011101100111001000110000010110111000110010100111001011110011
1100010101101011111001101101110100001110111001110000101111010011001001011010100011001110100

00100001011100010110011101101001011011011101110011111101011111110011111111001001110000010011001010001011000100011010001110
1101010000101111000111100110001101011100100100001111100010110011010000111110111011010011101100011011110

11101111000101001101101011000111010111100010010101011001001110111001100001001100110101100110000010111100001110001111110111110
00001000100111000011010011111011011001010111011101010110100011101011100101100011111001110010111

111101010111011101010001110110111111001100101110010110000000100010010111000111000111101110101111010001101001100
111011100001100010111111001010100011011110110111011100011001001101101000100111000010010110001010011111111011001000111

1001011100101100110100011011000000110010011111100001000101001111101100010001111101001101111100111011100110110001
1000011010010011110100110110010011110100111011101000100111001010111111110011011100000001001000111111100010111001111
