1000111011111000011111101111111101011000101001001000010101110001101011110110010001010011101000001110010011101110010001
100001100000100101110100010011111100100101111110001010111010110011111011000011111000010101110010110110010001110110011111

00111100111011000100011111011100110001010110000001101110101111011110001100101001100111010110111100010101010
01100111110010110000101110001011001110001110001100100110101011111100110111001000010001111100011011100000111110000111000101001101

110110011100000010011000101011111010010100011101111001011101101010000111100001011111100001110101001101101111011001
11001010100011001111011101011101100101001000110011101011001100010111100110100110010101000110011111100111101101

11000001101111010011100110010111111011010011110100001110101111101010110001111101101100110001000011010011100001000
011000101101011010011111001110100000101100100001001110001011100110100111011111110001010011001000110111100010101111111010011

111001001101101101010000111111101000110011100101010011111000010000110101110101011111010011010001111011
01000111011010010010011000101111100111011110110111100111101001000011111101000011111110001100001100001110001000010101011110

11110001011100110101111000001101111101110011100001101101010010101100001000001000111010111100111010110010110011111001
1111011010100001000001100010101111000111001111000100101001111011011001101110001011110111001011011000010100110011101011011100001001001111110101

00001111010001101101110010010010011110111100011110110001100100111010011101100001001110111010011111001011110000
01001001000111110111110111100001010001101111100010001111000101110000100011011110100100001110101010001100110101011100001110010110100111111

00000011010010001001100101111110111000111101000001101010011011011100001011000111111100011010111110101111001101
11111010100010010111001110000010110010011000100111100001101101111011011101000111001000100011111011100011000111101111111

1111010100100010000111001001101101111010010111100011000110001001100001101111010010000110011011111110110101100111101110
11100101111010000110000111101111001100001110100101110011011101011111001101000101001100110010110001100101110100101111110111101000
