11110001110101001100111100111001011010101011001100011000111101100111000011001100110100110010010110001110110101111111110011000
01110111010011111111011011001000100101110101111101010001000010111010111010001100000011110010110111111100001100011100000101001100110111110001101

111001010011101101010110111011000011110100100000111001100101011011000111111111011010110000010001010111000010010010101001111010011111110110
110001110010010011101101101010111110001011000101100111110111010011011100010000011000100000110110100111111101101101110111001100100010110

01110101111011111000111001110101000000011101011001111011000101011100110111100111100110101001000011110010001101100011000010111010110101101101
010000110100111100000101110100111011111000011101111011001010001110000110011111010011011100010110011100001011101101100011111

10100010100000101100010100111101001110100011110101100000111110011010000111100111101101011100010001111110111110110101
10010111101100111001001111100101001100111111101001000101011101001000110110001011110010101100010000100110111000001111110101011010

11011110100101100000011001110101100010001100111010110000111110110011110110100010011111110100101100000011001111001100010111010110101010101111111000011101011000
11000110111110000011001011100011110011101101101000100110100001100001100100111111011011101001101101010111001100010001111000110010

101101101001011111100010111010111000111110001101110100010110111011011100110000110101000001100010001111001101011100111
011100011100111110101110011011110111100100001010100011111100001100111011100000110010001011111000100001011111101011011010011

11011100011110111001100010010011101011001111100011011110000100101000111011100011010110011000100100111010110011111000110111111100
11110010011101011111101110001000111011111101100110011100001010111111011010111001000111101001011010000111010110101110011110010110101110000000010110010

11110110000111110001001010101000111100101001100110100001011001000011011101100010100110001100101011111100100011110111110111
10110001011101100000000110101001101011100010011111001011011101111001010011101010010011111000000001101010011010111000100011011111010010111101110111

11011010000110100111010111011110111101001000011010110011001111011001001110001000011011010101001001001101110011000111000011101111
11110110100111000101001001111111010100111010010011110000110110100011011001010011001010100101101110010111111010011000101001110001000111100

1001101000111001011110101100000111110001000110101001010110001101111101100101111011010111000111101011101110101000011011101000001100
11000001010110100111000011111011110111001010001001011101100101110101111011111001000111111011100110100000010110010001111110111011010001001000000

10010110010111100001111100001111011100111110001010100111100000001101010000010111111011111111010110011011001000111010010110001011110101011010011
01000100011101101001011101010101010001110110111001001111101110101101111111101001100010011100001100100110110100010110011111110100110001001
