1010011111011101111010010010100111110001111101010100001000110001101110011001010010001011011110101100010111110111101001
11110101011101000011101111110111110101011100000100111010001010100110111011110000010001011001101110010001000001001101100101110100111

101100101110011101110111110111001011011110001011101110010001100110011010000110001001010100110010001100001110000101001
0100001100010011100110011100101101100010101100101111110010011011111010011010001111111001100111001001010101110001111

111001010001101010110101011100000110010110011011011011011100111000110111101000001000011011100110010001011110100011
1110010111000011101011011100111100100010101000111101100101110110010001001010011111101100000011100101010111110011001101011101001

11010100010011000111111110000110110101011000111000100010000010111011001011111101100010110110111011001011110011001001111001110101
11010111010111001101101011110010001111111110001100100011100011010011010110001010100011101101001000101011110101000

11000100100111100100010101101111111010010101010001111000000111100001011011110011000111011000011111100101111001101110011101001
11000100100111010001111001101100010001011011111101111110110011111111001011110000011001111010000010110011001101010000111100

1001001010110100110010101111001000111111010100011101011000010110101111110000111110011000011110001100011010100111110
10100100101111000101101001100100111111111010001110110100001111100011001100100000110111011011001101001001100111110111100010101

1110011110001101110000110010001011000110001111100011101000011111110011101110100011010100001000110111101010011100
110000101101011100110011011001100111110111101000001001101100100110000011101101110001000111101000111111111010101011000110101010011001
