011110010010111000100011010100111100110101100000111100110101000111011111011101000011101101101101000100001001100111011011011010
00010111000101000111010010010110110111100101100011110110001011111111010101111011011100001011001000001111011011100001

000101110001111110111101000111110001010011010101011111001101100001000111110110000000101110100111110111
1101111010111110011100111000110111001111001100111101001010010110110110111100001100100001110111010000001011001000011101110

00011000101000111001001000111000100111010010001111011110111111101110110011111101010011011001111010110110110000100011001
100110000111111011000110111001110011010011110011001111110001011011111101001111001001110110110011111000001010000101110011100111110000010100001

1100010000010100101010001111000010011100111111100111011110111001011100111010111010100100100101100110011111001
1100100011000001101100101000111110101000111001000110110111001101011111111111110110110110001110100110001010001001011100111010011000101

1101001010111010111100100011011011010011110000100110100010001100001011010110001011001011010111000101011110011111111111101
110001011101100111100010111011010010101111001100000100101110100000110001110111111011010001001000111010001111111001100101100101110100011111110

11100101001101100100011010110101001100011011001101110000111110000100110110011111000111110010101111111111000010000100010111101
1000010111111101101100010000011001110110110100111001111011001001111010111001001100010111111011101000101011001110011001101101000101011001110

0011101001110110000011000011010011101101111100010111000110001101011001010011000011110011111110101011001110010011111
1000011010110001000101001001100001111001101011000010001110101110010100111110111011011111110010101010111100100111011110100101010101111001

1001001001111111010101101000111010111011111010011111001100011101010001111011001000011000101101100010000111001110100111101100000110011101010
111110000011100011010010000011111111000010110111001000110001010111110011010101010110001010001110100111101111001100010011011101001111011110

1101101010001000100011011001100010101100011111011011111101001011100110011101011001111000111011110000
00100000011100001010111001101111001111111000000110010000100110111101001111000011010010101111110000111101101101111011001100100001111011011011110110

1111001111110111101011110010011011010110110111110101101100010010001111000001011101110011011001100010110000010001110000
011000011011110011010100101101111111110101100110101000010110000001001000111000111011110011010111101000000010101111001101011110

0000100010110101001110101111111110001000111001100011110110000011111101101101100111100001100101110011001011000101111010111001100101
00110111010010111111011000111010000000000100010100001111101001111010101101101100101100110111111011010100100010111100110100011111111100100010111100110

00000110100000110011010010011110100011000111101110011110101110111110101101101111111111100010010010110000011000101111100101010001000111111010011010111100
001010111100001011111010011111011010110010101000101001011111101000011101110101100111001000111111011100100011001110010001111
