100000101011111001001101010111101011011100011011001011001001001010110101001100010111110110011101010111000011111111100010001
111011001011110001011011111100111010100011010011011000101110010111011101100111001100000011100111101110010011111010011000100101111110011011100000

1111010000101011001000100000011001111101001011001111001100100010101001011011000110011111011111101001011101110100000111010010110
0001011001000110100110011010100111011111110100001101011001101111001100011100001000001100000011010100110011010111101111011100110110011101111111

0010101001010101100110111111111101010001010011000100001100011111001100001100011001100011110011010100101011011101
000001100101111000101011111001011111110111101001111001110111101100111111011001101101010101101010011100110011100010011011001110001100100010001011000001

1111010000110101100110111010011111011101011000010010100000110001011001010011101011110011100110110110111110000000101000011110011111010
1110111100011001100010011000011101011111101000111101011111100101011001001100011110011011110000010001000101011000111000010110001100101011101011011

0011010110011111101111010100100100111110000001110101011111001011011101111110000111001110100001111000000101011001111010100100110100
111110111111111101001111001110101100010101000001011100101011010000100101101000101110010101100101111001100110111001101000111110100010011

10000010111010100001100011011001011111101100000011010110011100111010011111111010010001011011111000010011011
1111100010000001010100101100100111001111000000110100011010001110001100101111010000111010010011011100111101110111100111101100110110100111111101111110101

011110010001011111101011100010011111000001000010111111001111100111110011000011100110101110100001111011100101001101010
000001000111101100010010000101101010001011011111010001111110010110100101111101011101111000011100010011011110001100110110001110010110001111111

010111101010000110101001001000011001101110101011010111110100011101100111100101000011111011001111
0011010011011011100010010110010101110001110011100101111111011011110101101001111100000011001111000011101001001101010001111001111100

0110110011010011100110011111011100100111101110100011010001011000010100101110001001111101000010100101010111
00100100001010111100110001110111100111100111010000010001111100011011111001111110100101111001101110011001101000001010011101000001111111
