0101011110011111000001011100001001111111011110110011010111001111000011101111000110010100001000110110110101000100011010111110
010111101011001010011000010011010101101000111001111111011010111101100000101101100101110000001100111010011000001100111011111010

10000110000100100101110100101111001101110001111100100001000001011100111110001111111111000111001000011101010010101101100110111011110
1110011010100011111010010111001111110111011000010101111001011011100010001000110000011110101000110011101101101010000101101111011000

11000100111100110111001100010101010001011111101001011010011011000001100011010001000101101001111000111101011100110110011110111
0101011110000100111001101011000111101100010010011001111011111111101011001010100000111000100001110110111111100100000111011010111010

0000010100110110011110111110101110010010011110111000111000110011010100111110001110111010110110100001001111100001010110011
101001001001110010110111110000100010110011000101110110110111101111100101000011101011011011100000100111001111110000001001000111111101011010

101100010000011101111110110011111111010011100100110110011001011000000011101111011011000111001100110101111100100111011000101110001010
01101000010101100100001111111101001001011110011001010110001111101101111010010001110000101101000010011111111010100001101111101011000

1101111011000111111011111110000011111100010001010100110100100011101100011101100111100000100010101101000010101000010111011001111110110
10000111101010100010011111101110000110110011001110001010010101110111111100001000101100101101001000111111010111010010011101101011110100
