1000010100001011111011010101011001101010011101111111001111011011001000010010101100110001110101001001000011111110111011010
1111011100011111111010000101010111101010001000100110000101001110001101101110100110100110000101110001101011000110001001111010111

10010010011100100010111001111111011110000011011111001000110010100010110101110110000111011101101001010000100111100
11000111000111101000110010001110010001111111010100100010100100101101010101111001111010011000110110001010011100110001011100011011111110

1010010011000101010001011101111100001010100110011110111100100101111100001110011111100110100
000100001101101011011100011001011101111001101100101110110111111110101100011111101101100110000010001101100110110001010111101110011100110100100000

10111001010001011100001101001100111111011010111010011110110111100010000111111110000110010111000100010101100011
11011100001010110000000100111010001111111011001011000010110101101111101100101111001000110111111110100010011001001000011101

1100011110101100110011011110111111000001011011101100100001011111010010001010101000100111011001011
1110001000111111101001011110011111001001000111000111111001011001001010001110010100001101101011110101101100011010000101001110

11000111011111101001100110100010011101101100111101100111100010010110001000101110000110010000101111100111011011101011001
01000010100111100110100101101101100111101101000110010110010111100110100011111110000111001110001111111110011010111000001110100010011010

0101011101101110001010111101000011110000010010110001100100100101101100111111111010000010101111011010010010111010111110
01100100001111000110010110001111011100011001110001110110101010010001100100011111110111111101111010110101010010001111000110010110

1000011111110011110010001011001011100110001111001100010010101100111011011110000101010110110011010101001001000111001111110
011001110000110100000100101010110111110101001000111011111010011001010101101100010111011111011100010000011111111011010101

1101100110100000101111011011001010001111001000111000100001111011001001100001111010111011100001011010110111111
11110100011111011100011100111010110111111110100011010111000110010110000110110100001110100101101110100010100010
