1110101111101011111100011100101101001101101111110001111101100111000101100110100101001000100001100100011001101000101010011011110010
10000111000010100101101111110000011010110111111010110000100010001100111100100000100100011011111100111110100011110111011011111001101011011010011000101001

0000000111011000001110100110101111101000101001110010010101111111001110010011100111101100111100001101001001001111111100110010100111011010011011110110
101000101111100000111110001111111000100001001001101001100011111101010001101111000101111111001101000101010001010111011111001011110010011100

1011000110101001111101101011100110010010100011100111111100011010100011100101101000111001100110010100010011110111011010010111
010000001110010011111111100110010100010111110000010110110111011111001111000101011010111001100010111110011011111000100011001100100101001

101111000010011111011001111011111111101111000101101001110111000000010001010011000000011111010001111010100011110010100010110110001101011010
10110110001011100011110111000010010111110100001011000000110100110111010110111010111010101110110011001101001000111110100100001111010

00110100100010010010010101111100010101111000000111001000011100111000011101100001111110101110011011111111000101110011110110100100111
10100101111101011000011001111001001011100011001111101000110000111011011101001011000001110111110100010001100010110010111011011111110101

100001111000101111100011101001111101110100001010101110011110110001110011001111001110111011001101101001100001011001001
010101000101000100110011101001110000101110111001111100110111111000010101110011110010111101101111010011000011010111100

1100001100001001111110110101000010001011000110101001101111111101111011010100111110000000111100001001111011010111110100111001111010101000111000101
011001110011110011000110111011111011010000100100011100001001111100101010001101001110000111101010101111110010011011010111100

110101001010000110010101101101010001111101111110110010001101001000010111111011011001110001011001100111010011101100010000011100111110
100101110011111110110111110110001011101011111110001111011010101010101111000110000101100011011100010001100100001001101
