11110010111101010100101101110100010001111101000001101110110011101000000100111010010010110001100111110110101111001100010110
0010000001101011000001101110111000100101110011010101101111110111111110011000101000001011011111101001011001111000000011

11110111000110011010110111111111110100111010111100100011100000110100000011101110010100010010011011011010000101001011
111111100001110100000100110100111110011110100110100011000111111010110100010000101101111110010110010000011111110011110

00101101100001111100111011000010010010111000101110101010100001111100111100001101101100101100110111111110010001101001101
10000001100100101111101000101111011111101001110101011110010100010011011111000011000001111101110101001110110110000011001110111

010000111001101010111010110010011101011000101001011111010001111010111011010000010001011001011111110001111110010101111101001100000100110001
011011110001111100001000011000111110101111000011010011101110010001010011010001010100111011110101001001010110110011011110

1100101100001101000111011011011101100111101011110110000010001111010010010011101001111001110011110001010
11011110001100100000011110000111000111001000101000001001111101101110001011100110001010110011110111110101011001

111010001011010111010011110011001111000101110000110111000110111001110110000001011001000011110110100101
11101110101101111110010100111000111111010000110001001001011100110000011101010010001100101000111110100010110001001011011111

11110110110011000001110011001110101101110100110001101000110110010001011011111010110100011000001111000010111110011
1111101101001011101011111110100001110000100100011010010010000000110000111010110101110111111110001110001110101110110011
