11100100011110011011100000111000111101111110010100101011100110111101101010011101001011011010011010001000000001110101000011111111011
101001010101001010001101011100101111111110100001100111110000010010111100101111001100000111011111011000011101

10000100111100110000100111000111101001111001001011111110010011011101101010111110100011101100100100011010
1110010100111011111101111010010000100111111010001001101100110001001000011000110000011011111001111100110100100101101001110001010110

1100010011010001111001101011011010110101110111110110000100011111101111111010111001001000001110000010101000
1000011001111001100101011010001100111000101001111010110010001110001000110011011101100100111110010111001000101011111001110101110010101

00001110100111000110001110111010111110110110110010011010001011011000101110100101111011011001100111001011011011000111110100000
11010010110000100001110001010110011001111001011101000010011110010010001111101101111001110110100010111100111111001001101111100

1110101001010101001011011111010110100110100011111001011000110010100001100111101011110111010110111000001000000
11100111100110101010110000011001111101011001101100010100111011111101110110100010011100111001011010100000010001100101101011101

00011101111110011111011101111111000101110011010011111010110001100010010111000010110001111110000110010
1101001010011001111110101011000001011101011010010101110011010011000111000101100100010001000001111011110010101111101101101111110

1011001010100001011111111010110001010010110111110011010010010001111011010010111000011111101110010111
1100010101111001111010000010101001011111111010111100110111100110101100111010100001000010001000011111111011000100010011101010011101110011000
