10110111101110000111011010110000010000001001001101110010011001101001101001111101101100111
0010110010100011011100001011100101111010111111110101100000110111010011110

111100010111010101000001111101101010100011110000010011001110101110000101011111101101010
11010011100101101111000010111100111010001000101111100101100110111111001000101110000011101

00001010011110101101101110101011000111001011111011010111101011101101001100111001010000110001100011
000100011110000011101110101110010010111110100000111111110110011100011111000000110100100

1000101111110100011101011111010001001011111100101110110010101100111001000101111001100001011001010
101001111000011001011001101111001000001101101000111001110100111111010101110111

001000000111101100101111010101111001011111010001111001101110001110
111000101010101101100110011000110011011111101111100101000010001101010010011110111101

001101101000011111000000101011111001101110111101011000001001110101110111110
111101111101111000110111110111100100001110001010001011011010011010011010001110001000010110101100

1010001001010110010011110011101110010011011110010010110110011111000101110001111000011100011111
110011010011010110110000110011110001101100111110010011011111101001100011100100001111001

110110010011110010010011010001001110010111011000100011101110010110110100111100101010101110
00000011000010000101111111011111011011110010011000111010100110111001111001011001111010011110001010

11100001000011011010001011101110111111111100101001100110111010100001001011000010001010111100110100111101001
011000111001000100110101001011011011111101001011100100111111011101000111110101000
