11000010100010111100100101000110011111101101000001111011110101111010011101101001110001101110000101101010111110000100111011111001
10100000111001011001000011110010010101101011011100111011111100001111111100110011101000011010011111100111101011000

110101100110111101100101011001110110111011010100011001100101011100111110000000110111001000110000100101111100101111101110111111000
111100100011011111011110010111011000010010101110110010001110101010110111001000001101010010001101111000110011011000

1101110011000010000110001010011110100110111000111111110001010101010001001110001100101101111111100000101100010011100011100011011101
1101110011001111100000110000000101011001111111011110110010001001001001001111001111001001111101000101001111001111011010101110010

00101100011011001000111101111101111110010010001001000110000101101101011000111111101111001010100011101100010011
0000110001100011011011100111101111010101111110010001100011100001001000010111110111011011001000111101101100010000101011

011000000101011010000010111010110110110111001010111101110010001110101100011110011100101111110010101001
111101101101100000101011000001100001011101100101110000101010000100111101110011101110011100100011010100110010100101111010110110111001110000001111111110

00001100101101000001001011111110111100110111011001001111101100110101000101100101110011001011111001110101110110101000111000100001
11100010100111001000101101011111010011111000101001100110011110100011001101000101110101100111110001010011

10110110111111011111001000111010011001110001010001011110000001100101001101111101111101100000001010010010110001111010
10000100100100011101001111110000010011110100111000011111101111110111110100010111011100111100010001010110001010110111011010
