0111001001110101011111100111111010101100011100111110010001000110001100101010010011101110100011010111100001010001100011111000
11011011001000111111000101111111010111111010100111100111010110110000110101110010110011001110000111101011011010000011101011001000101100001111001011001

10100101100011101111010101101110011010001111111111001000111000001101000111011111100001001100101001011001001100111100101110101
110010110111000001101110110101101001001011110000010010111010100111111110000111100110101011111011010010000100101110101

010000001001001011111010001011111000110010111100110100011101010100010011110111001100001011111010011110010110111101101
001010001011001110000110011011011010000111111011001111101110100000001101101110111011110111100101011011000011101001101011100010010101

10000110001110111110001011110111101100010111111011000001011110000010110001101011000011010111010100111110
0001010111111000011001110011111010011010110000100011001110011101000011110000001101100111010110010100001111011011101111110

01001001000110010000111110111110011010011010011110100010011111011000011101111001101110000100010100101010001011111110
100100100110111101100101100010011111000101111001001110110100011101110111000010101111000101000010011000111110110011

110001100111011000100000101011001010111110011101111010001111000010001111010110000111101001001011111111101011010000110
1100001001110011110010111001001111000011111100010010110101110010101001111010111001101011010101111010000001101110010100111

01101110000110111010101111011100011111100111001100001011001010100100111111001111101001000101100111110000011000001001
1010000110101110000010111111011111101110010001011011011000101111010010001011000111001001110001110011111010011101011011010000111010011101

110100000110100101001101111111011100100111100100010101001011001111110000111111110000101110011001100011011110010110100110001
1000011000011010010111100001111101110100001010101101001111110110101110001001100111001110101111001000101100100011001
