000100000110001011100111001000111011001001010110111111011000111101100101101001011101011000111110011011111000000110010111000110010
011001101111100110100111000000100111100101110101011001110001110111011111011001110011100000010011110110000010010

11110010100001111111110100110000010100101110101000111011000101100100110011111110110110100111011100010001101101011000001
1101010110011101001101010101000111011011001100110001011100100110101111000110101100010010000100111100111001111110001111011001101110101001

110100010100011110101010110011001111111110011100110111011001010100001011011011100000110001100001100011011000
1111100110010000001000000101110111110100010010110001101000101100110101111110100111011010001111010111000010101100001111111

11100011111010110100100101111011111101101100110111001110000000011011100111011010010010010100011100000110010111100011011
001010000110100011000100101001001110101011111101111111110001111100111101111101011000101000111001101000011001101110001

100111000011101100110010001101110111001010101100100001111110100001100010101000011100100011000101111111010011111
001100010011000001110110101100001111101010011111010000110011110001001110110110100100010010111001111111011

011101001000111110100100011100100011101001111111001011111010001110111101100010111100110000101110011010000001111101101010010
1000011110100111110010000101011100010000111100110011100111110001011110001010111111100010111000111110011001010100

1000100001001100111000001011100001011001111101110111110000010110101001111100110011111110110111101100000111100001001101101100101111001010011010
0111011101001111001011101110011001001011000111111010000100000100110111110001100011100000111011110100101100101010011101110010100100

1110010101000100001010111100011000000100000010110011011100110111110001110110111101111011010000110010111111110010111001001110
11011000011011111001011000111010111000001110001001101001111010110110111100010100000110111100111110111001001001

0100011100111101011010100010011010110000100111000010101011011111110001011101001001011011000110011110110101110011101100
111101001110001111101000111000011001010011010110110100111010100001100101001001111000101010010110011001110100001011110001111
