101001111001100001010111011011001100010001110001000111010101101001101110110010000010010101010010101100111111100110011111110011
00000101000011011000110011101000000110100010101111111100011001010011111111000111111011110010001101001011101101110010111011011

111110111010100011111111011010001111001110001100111001100100000101110101101111010100100100001011011110110011000111101111001000000111101111001000
01010010111110010001101110010001110101011111111011100000010011100100101110001001001110111010100000011111011011000111110110110

0100110001110111010000111111100001101010100101011001001111111110111000101001101111101101000001110010100011010001111110
1110010101000111101001101011100011011111101000111100011111010001001000001001110011010010100101101111111000000001101110111000110111011100

1000010001101100100110101111110001010110000110001101100100111000100110100111111001101110001111011100010111011100011111101010
111000011011101011001110110110011011011111101011011011111101011011111011100001100000110000111110101100110001000101001000100010100

00001100110100011001011110001101100010010001110000011010001101111011001111111101101001011111110101011111110101
10000100011111011111010100111011010100100000111011010111010100111111101110010110011101100001011110100100010111101001

1010111000011110110111110010011111011111101111100100011011011101100100101001011101001110011001110111000001000100011000001100110101001
1111000001011111001101110010100001111111010001001110101110010110101111001110110100101100100001001011101000010010111

1110010110011100010100110100111101001010111110001111111000010000111101101110011101001000011000011111001010100011001011001111101100100101111100110
1111001110011001111010100111101100011000101010000010010101111000110011111011010010011000001111111110010000110011011011101000110110111010
