110001111101101100001010100011110010010101110110101000110100100001111110100010110100011101110010011011111001
111100001111110001001001111001010110111110001100111011011000110100011100111011010111100110100011100010000101100001

110001010011001101010111001011001101111111101100111101000100001101000101011100010001111101110110011001
111000000110111101111011010001000111110100101011100111100110001110100100101111010011011010110010000011101000010110

01010010110000100011010111000110011100110111111010111001101001111001111011101011101000110010010001011011000001110101110011
1100011001000001110110100100010101000111101011100101010010001011111111000010101100111011110001101001101

110000010110011010011010011100111110011011111100100000001111111100100111000100101010110011111000101110100000110001011
000011101011110010000010111010110000011111110000111101101011010010111101001000111001001001101000101110011110101110001101101

10001010001010110100011001111001011101010011110011101111001000011000010011010110101110001110111110001111110111001001010010110100100
101100110010111111111111001001000111000000111110111101110011000110100111101011010000101001010011001000111100001011000110110

110001010110110111100110100010010011111011010101001011100000111101011100010111011111100110011011111001010110
1011000011011011111100011011000101000000101111100011010000101110111111011111100000111000111100100110111101010011

1010010101111011111100110001010000101101001110011111011000011010001011001011011100001001100011111011010010111
1101011001100001100111110111111010001100010010101101111111100010011000111011011000010010000111110101010001100011011

1111100100001010011111000001011011100101000011001111111000101101001101110010111110111010100010101011001101100010001101111
1110111101000000101001111001010110111110010100000101001100101001100011000110011110101101011001110100100111011111

11010001110111001111011101011000111000010000111000101111110010000110011111111011101011110011010111000001100001100101
11100111101110011000111010101101001111100101001000110110010111010000110010011011100001101010001010100111100001101111010111
