011010011101000100100010110100110011111110001111110001111011001100110111011101011010101011011000110111001110010001011000
101111000110011111000111010001011011111101011000111100100001101010110011001011000101101111001111001000111011001010000

11010100010101101100101111101100110001110101111100100011010110001001010111000011110101001001010011010001100101100111010100111110000111
11000010101011101011101001111110100000111011110001111101101001100100111100101100110000011100011101010000011101010001111111

0100001011000110010010011110101000110110101111110010010010000011001111111010001110111101011101101110000101010001011101101001111011110
1111010000011000100000011101101100110011111101110001001110110100111011100111100100101101010100110100110001111000101010110101101001

01110011111001011110010111001011110101010001101111001110001000100111100001101010000101101100111011100101100111111011000110010101
11010111101100000010001101101100001111100101001110010010111001001011111110010001010010110110001111010111010000100001111111100111010111011

1011000010110101100110111110100011001001101011001111010011000111111101001001100011100110111101000001100010011101111111
00000111111101001000001101011100101011111100101011001100000111111010100101101011000000110110111111001110100011100011011

0101101100101111000101111110111110110100010110101000011100111100101011110100000100011110001000111101100011000010100110010110100111101
1000010111000100110111111110011001011001001110010001111101101110101010100001011111101001110110111100110100011100100111111010011000
