10010010110011011000011010000100010111101000100001011100110000011111011000110111111110101010000110111011101110111110011
00001001011101111010110001010110010011111111010110011111000101111001110100111001100010101001110100010110

101100110011101101011111100011111010001001001000101001011111001100100111011100100001011111011000100000110111101111010
010001010111110011001001111111011100010010000110100110000110001111101001010001011110011110001011111011011111100110111010010101

011000110110011100011110111111001000000001001001110001001011011100111110110100011110011011100000110010111111000100010100111100
000110010100001100111010000100111010111011110111110001110011011011101010101011111001100011110000111011110001110010000111000101011

1111101111001011011010011011111100100000111001110011001101101111010001100101010100111001000111110100111010101100
110101011100101001101101000010111111010001110000101111010110110001111011011010000001011100101000101110100011111111110

0000110111100100011000100110110110010110101101100101110011000110101101011000110010010110111110111110010100001111011111
1000001110101111000001010010110000011110101101000110101011111011111011010100010011000110111110001111110101110

11110110001110011010110010100000011101111100001101110000100111100010100010110111000100111110001111000100100010111001100110101010111111
10110111011011101111111110101001100110001100100100001111100000110100101011000000100111011000111011001110011111

1011010111110101111001111001000111100001001010111001101101000111000111101101001101101100101110101100101100000101100001010
00001011010000111101111101111110110011101110001111111000000011110001010101111110010111010100010011101100101011100110100

0101001111101101011001111011000011111000010000110101110010000100100010001011001001111001011011101111101000010001011001010111101111
111100000010001011011001011110011111011101000011010111100110110010101000110010001110010010011101001110110011001111
