11111100101010110001000011100001111001010110100001111010001011111111100010110111001110100010111100110101110
0110001111011011101101110011110000111011000001111100001100100010111110111101101010001000101000101111010001111101001

00011001001000110111110100011001111101101010011101001101100011011111110110111001101001001111100010100101111110011000010001
00101100101010011000110101110010001011001110101000111111001001000101011111011100110111111001111011011000010010

10110110000101110101111000100100110011011111110001111001000111101000110110101100001100010000001011011110101111
10010100111101101101010000111101110101001010011011101100010110000110111000100111110000110111101001100000100110001000111101001101011110110

1110011111110110110111010000001100011100001110101011101011101011001110010111100010110010000011110100111100010000110010100111110101111110110001001100011
0011011001101110001111111101011010000010001011100100011100000001100111110110011110100111000110101111110001101

100101001111110101111000001110101001000011101010010100011111111001101010111011010010100011010001110001100101010110
1011011100000011111111000110111001101111010111101100111100100011010100111100010101101011000011010100010011111111010010000101111000

110000110111100110111001111001011010111111000110101000010011101000111111101110001001100101110011000011101101110100
110111001111100100010011000110110100110001001001000110110101001101111110001000000101111011011001111100011111111100

111001110111110101101000101110000011001100110101001100011101110100010100100111101100110111100101000110010011001001110111111011
00010000101110011001111011111010001111001110100101111110100110011000101110111001110101010001100000110111001001010101100111

0000000001100011011010101011110110101100101011110110100110000110101011110000101010011111100001111111001110001011100010
0100100100010011100000011101111010100011111101110010001110100011110011010110101110001101100100010110001101101010010101

111011010001110110101001001001110110011101100000110111110010001010101101111000010110001011110101010001110001100011101011111
0110111011010001101001000011011000001000100111000110000010100101100010011111100011111111110110100111010111010011110111011010010101101101111000

11010100010100111100111010010011000011111001011010111010000010100011101111101000011010010010101100101111011101000011011
11000100111001110110011111001111000101010100101110101110010100111010001001101110110011111101100011110101000111011001001110
