0000001101000010110110010101100011111011110010011101101111001110111000011101000110111110101010011101110100001011110101001111101101000011000
111100100111011111001011011100100000111000001001001100110111110011011110100111101000101010000011000010110011111001100110110111100101

1001010111110110101000111111111000000101111011000010011110001110001100111010101011110001111110001100110100001011001110011
000011110100101001010100001010110000010111101000110110001111110110011110000111010111110000110011110110011111101010

110010010111111000001010111101100110101011011101101101001000001111101000101110000011100011110111101001001111111010
1001000001000111101100110000111100101000110011100111111011011101111011100100001001011111101101101000001110111100101000110

1000010001010110000111110100111011100011111010011001011111011001011100101100011111011001011001110001101
01001101000111010100111100011011101101001110001001111111010111110110011001011001000000100011101000100101100011111011000111001011110

110100001011000101101011111101101100011100111101001000101001011101110111101011100110000010110001011111000100110001011101100100
111111010100110001010001001101010011010011101100111010000111110101111010011101110101100010111110011010001110010100110100000110111100

1010010010011011110100000101111110001001111110001100011001111100101001011010001111100001111111110110001101100010101011
1011011111001110010110111000101110011011000111100011001100110110100100001101110001110000110110101111000011111111100001101010000110010100101110

0010110111110011011111001100011010100001011100001000101101011100111110011011010000111000110101011011101010
111001110100101011011010001110100111010011111110100010110011100000111110111000001111101000111100001100101101110100110010100010010

1000000011010001011010011110100110111000111010110110011111001011100001100011110110111111110000011010111110001
01111011010111100001011100011100100010101110111000111000011111001010110000001101010011111101110101100111011101100000101001000101011

00000101110100010101111011011110101101101111000111111110010100010010011001001111110010111001000001100011101101
01110100011011001100001010101101101001000111000100111110100011101011001101111101001000101011100010011111010111101000110001100101111

100001101001000101001011001111100110100010100001110010001111101101011111111110110100101111100000101111000101000110010111001
1100010000110111001100001000100111010111111011101101110000001111100000110010100011011110001001110101100101011111011110110000010011101011
