11110001101110001110000011011110101000000111101100100010110111100011110011001001101011000011011001110011111
10101001111011111111000101100010011010100010111101100001101001111010011110110101000110101100111011100011000

10010011101111000101011010011111101100100110011011111111000010110011101101011010000100110001011101
1111011001111111001000011011100011100010110100101010010111100001000100101101111010000011101110111000011110

101101110010111111111010100000010111111110101110011000110001001101000011011110011110010110011001000101010100001101
01010010111011101111011110110101110011011011010001010111001111011010010011101011010000011110100001101011010000111110110000100

1111010101110011111100110100101100100001100100001001110001110100111110101001010111101110111100101000110101100
110001110100001000111111011001110100100011011110111001111011011110110011110000100000110011011111011010000100001111001

111011000101100111011001111001110010000111000000000100100110001010111111100100011011101101101111011111010010111011100010111001011000001011100001
1000110011001110010010000001111011110110101100111000011010111111110011111100111011010000011010000111010000010

10110010010100111111000011100101110000110001111110101010011010001001110100111110100000111101110111011
010011111011001101010111111011110101001101111110001010100100000010011010111100011100100101101101011000111011111001000

100100000111110000001111000110000111110110101101101011101100011100011111011010011110110110001010000100110011111000110010
0100100011011101010111010111010010010100111100001011111011000011011101101000001010011000111100111110101

0101011111000111100100011001100010011010111010011001110001101101000010011111011111111010100011000010001110110111010110010
111101111110110010101100011000111111111101010111011001000100110000011000111110100010101110110001010001110101110001010010110

011010001101111000011110110111110111001110110011010100101100101000010110100110000110110000010011010011000111
11110011111110101011100000101001100000110101111001000101110101011101100000101111010010011111111110000100100111101101011011
