01010100100110000000111001111011000100011111110111100110111010110001101010101000111111101011110100100010110
11000101011101001110100011010011000100111010110100101111000010101001010100001110111110010110001111100011001111010110001111111

110111100010010010110001011110000001010011001110110110110011110011001010011100011000101101010110001111111110
01100111001100111011011000001000111010110100000101011010101111101111100111000110101111100100111101101000001010010000

100001001001011111010001111000011100100010101111001100111100101001101101111011010111111000110010010101111100110101001101011000
01101011100001011111011111100110011110001101001101010101000011111000100001110001001010001101010111001101

1100010010011101001101100001100011010010011111101001001110111110011111111001101100001111001100001100111101100001111001101001
01011000100111111100100100010111001000010101011110110111101000101101001000011110101111011011110100111011

0110011010110110111110111000110011110100010101101111101011100111100010110111110011011000101000001110011111011010011100010100001100001100
10001100010011100011101011100010101110011011001101110011101111111111000000110100111000111110011001

11010100111101110111111111010010110011100111101000100011100001001001110111011110111101001100100000101001101101100000010
1110110001100101000011111010110100110101110011000111001000110001101001100100001011001110100100011011011111110010110111111

011011011111101110110011001011111000000111000101101010011110001001100011100100110110111110000111000010010101100001110110
11001010000011111000011101011100101111101101010011111001111110010111001100101100100110011011000110110001010000011110101

10101111000101101000111110000110111100100011000110110100011000110111110011001111010111010000110110001010010010110111
0100001011000011111110001111100110001111101110111110001101111101100010000101110111010111000000111010110011010101110000101001001110

101100111000011100111100010100111111011011011110110110001111001001101001110001101001101110100001101001100000010
11000010011010110100100011110101011101010011101100110111111100011100111101001110000000100101100111111101000100011110

0010011111100000101111110110011110101101001101001001110010001010001011101000011010110011101101001100111000001111001110011110111110
11110010101000111010110101100111011011001010101111000011011110010000111101011001101010000111000111111110000011010
