0111000111001000100100011111001010011111010001111110001001111111011000101001010100001100101111011011
0000011000110110011110100111111001000111101011000011110000011111101011000011111000110111010010101100111010101110001011

110001111011001000111010111100011111011111101011010100001011100100111010010010001011001101001111011100001101000001010001001
11010011110100011011111100010111100000011011110101111111101000010101001111100100001001110010011100101100101110001011

111101100111010000001101001010110100101100011101110011101001101100111010100110111011010001011110010000000100001111111
10001110000000110111110101000101101011111111101010110001111100001101111101101000111000000010011001111010100010

1101001000001101110001001100101110001010111110010010010111100011011011010100001111010001110101100011100111111110100001100110110100
10110100000100110111110111110010101011110001011001110000100111011100000110100111011010010000101011110111111

111101010000101101001110110011011100111110001000011100011000010010100110011000100011101011101011111
1001001101111001001111000111111000001000100011100001110110110001111100001100010101011101110010011101011011010110100101

11110000010001111110001010101111111100010011101110111011010010010111101110000000110011101000111101100000101110010110
10000100000011011111001100010111011011101110101110111111101101100010101111000010000101110110011010010100010

1100100011000011111101101000111100011101000101000001101000011101011001101011001011111110100101110
10100111011100101010101111001101111111000011010100111101110000011011101101100011010001100001

1111010110111011111111101001010110000100110011000010001100100111010001111001100111110010100011101110010100001100
0101001110110001100010111010101100111110110100010001001101000011001110101110010011001111111111011100110111000010011000100

01010111111011010110011100110111100101011000010011111100010000011100110111010110011101000010110111110100100001101001001100
001000000111111110111101001100101110011011000101101110000011111100010000011101100111010010101111010010110011011100

0110011010111001101001111010101110000001010111010111111110010101101001001010011010001110010001010001100101111111100
101011000110110010100111110100110010110111111001100000101001111010100101010100011111100111100110001110111000001101111111101
