111110100001111111100010110001111100100101001000010110001101100000100101001111100010111010010010101011101111011010111011
1100011010111110111010110111010001110110001110001001011011111111011001111001100001101000001100110101100111101000

1111101000110100100000110001001101011100011100001111101000011011010111110101111100100111001111111100001
11010010111000110001111110010010011000111001011000111010011011001010101111100100110101010100110111111101

000010110011101111011110111100100011110110010111111100000001100111001110011111001011001010001011010
11010100100001110111001111100111110001011001001011110101110000111111100110101010110110010011000

10100011011101000110101000011111111001000100101111001110111101111100000010110101110001111010001010110001101
0110011010001101110011101111110010010010110111000111111110001000111101110101000101101000100001110101001110101011

101001110001110001111110101110100011011101001010111101111001010011111011111100111001110000100110110111000101001111010101000001000
0110101100101110111100011011010111011111100111000100001010000010111100110000111010000011011101011010

1010001000100100110011001001101011110011111001101101101101111111001110001110110000001011011001010110011111000001101111010111101000
1100101011100111101111101001111100000010001000101011001100001001010101001011101011100100111011010000011

0011010111110110101111111100011100000111100011010010001110101101111101011000010010100111101010011100100010110011111000011110
0101000110000110101110101010110011011010101111010000111101000101100110011111111010010110101100

100011001010101110111011111000001111001001110110101101000011010111001101111010100010100111101011001100100001001011011101110
1011100001000010110011111101000111110101010010011101100111010000011100110001111100101111000010101

111001111011100111000000101011110100100101101110011100110110011010100101011000001011011111110111000010100110110001001000011101
1100110100101000111101110110000100100111110110000100101111110110100011110101011011100110111110010000101100000111

010101110110110101100111101011111010100001000011110111011000100001000010110110010011111000011011000010011111111010000111100101010111
00000111100010100100010101001001111001001110001111111111001111010101100000101110101100100111000111001110100101011010111110
