10011100101011001111101111011100000000110000101101010111000010011101100111111100011101011111010101110001000100011011001110010110000001
111001110100101111001100110110111101100101001111010110101000110100001000001011111011111011100101001001110101101110001100101100010

100101000011101000100111101111111011111010010101110100111100111010110011110100110000101100100001110110000111001101101000101011000111110010100111110
00010000110111110111101001011001101110001011000001110001010011011011101100001111101111010010110011011100011000010110011111

01000111001001110100001100111111011111101110000001100111110111100101110001111001010001010011001110110101010100101101001111011000101
100101100000110101010000110101101110111101011001001101010100010111100001110000111111101100001101111110111111000101000111001010011

111100111101101110001001000100011100110000100110101011011100010010001011101011111011111101111100011011110110111011001100000101011100000101100001
00001001001111110000101000110011011000111110110000010100011011110101111011110111000111010011110010100111001011111010110011110

101001000111101000101111111100111101111110010000100100001110101111100110011110111011011001001000011101000010101
101000111010011011111011000111111000111101100101101011010011011111011000100011110011001001010001110100000011011

1101010010101001110100011110110011101011001110000010111001100000011010010101011000110101111111011110111100100110000001110111000111111100001
001011111100100101111011100101101001100110100101000111110000101110001111001101111010100010110101110111111100100000111001000011

01010010000100111000100111010110001100000110111001011010111001100101011101101000011100011111111101001111100000111001101111100101010010010111101
11100010010110001110100000111000100100111111111011101111110110101111001010110101100011101000001110010001010100010010111
