110001010010001001101100000100110101110100010111010001111111101101111110100011100101011011101001110010001001011001
110001110111111110001100101110101001000100110000011011011101011110001000101011100110111010010001010101001

01000110011101001010110011111011111001011100111000011101011110011000011001100011011000010111010101101100101111101000100
0110001111101101010100111101110000111111000000001010111001111001000110110001110001110101110101101110010010

11010111011100011010010011001111100010011101000101100011110101111101000101010000101001001110000111111011111011100000011011001011
1011011100011010001011101000011101100101111111001101001111101101100011000100011100100000110010010110001111110101111100

1000111101110010011110011001110000100011011111110101011101000101111110100101100110111100011111000100001011010100010100
11010110110011110110001110101001111110011101010100011011000010111100011111001111001001001100000101110111011000010101

111100010010101000110010111110101010011011001111111000100000011101111011110101110011110011101010110011000001000111000101
100101000000100011100011111011001000101011011100011001010110111010111011110010001011111111001111001101010011

101100110111110110000110101101011111100010010100110111000100100011110011110110101110000001110000010100100111
0000010111011010101100010111001110010110110101110111111010111111110101010001110001100110001001110111000111010001011000

1001011011000111111011100100011000111101001101111001101110101000111010010001111000011011100110011101110100101011100101
110101101100010111101111110101110001101101000100011000111110000101101011101100001000001001011101000100101011101

1011110001001110111011010001100110100110100000111111110101110101001001101110101001111000111101001000011011011000111111100
100001100010111101010010011110010100100011111000011111111111101010101110110000101110010111100001001011001011011000011100011110
