01001100010111101011010001110101101100100000110010000011110110001110001010100100111111100111101110110001111010100111
011100111100010100011011100100101001110010001100010011011010111001111010010101111100110111111001110011001000101011000111001101101

111001100100111110100110111000000001100000100111111001011011010100100001001011010111001011111110110111110100001011
0010100011100011110100011111001011011100110101011100010001000111001011111010000111111101001101001101110000100011

001001101000000111110011101000111000111000110011110010000011111001100111011110111011111011010101010000101111011011000
10010111111100100001111100001000011001001110101011010110011010110011110110111100000101100110010111100110011111000101111011011

11100100010111110010100110100010111111000100110011100011100011110110111110101110010110011111000110010010100110110100010010011101
1100011111011110010001111111110100111011000111110100001000011010001010111111010001001000011010001010100011001111011011

1011011100110000010011100000110100011100110011001101100111010111110111010100101101000001001011011111011111011101011001010110010111000101110000111111010
1011011110011110011011100111001001101001110110011100100011001001001101010010101001101111000101001011111010010111

0010110100111101010001101110011011011000110101110101111110110011111011001110000011011101011101011011111000000010100000010
01101010111101000011101011001010101100011101001000100111011111101100001110110001111001001100101001111100101110111000001011

110001111001110001000011000101101001110111100000101101101010110010011111100011101101100001010101100100011001011011111011111001
1101010010110011011111001101011100011100111010101100010100100111101010111001111101100101111101010100101001001011000111100

1010010100001111100111011011111110001100000111111010101001101001001110011110001111011001001010101100011010000101101
111110010000111101010110001101000110110100110011100101110000011011101000111101111110011000101110010111111000

1111100011010001001111001000010011100110110010111110001010001010111010010100011010001110010101111111101001001111001101
001000011010010100001111110110011101001011011010111110011111101110110100011011110111101000010001001011101000111010101000

101001000010101010011110011101001111010100101101110110100100101110101001100011000111110001110001000111110011101101
1011001110011111100011011110111010010010100111100000111100011010001111000100110111000110000110101011110011101110010011010

111110111111101011111000011011100111000010010000010011101010100111110000111101000101110100111000010010000011000111111010010110011100110111
0111011101111010000011010011001110011000101101011010100100110010111110010000110111110111000100111101011010110010010
