0010001000000101001101111011010011100011110100010011111100101011011010111001011110011100010010111001011111010101011111101
0110011111010110001000010001001110011101111101011100001111111100111010000101101111010111000001011111011010000011101010111001000010101101

110110110111111010011111110110100000101010001111000011001011100010101100111110001100100111110101011111010110011101110001101000011100101010010000
0100011110110010011110101011101011001101111110110000101001000101011100011110110101110011011100111110000001101100000110100010100111111

0101011110100101100011101111010100000100110110110111110011101000001111110011011110000100110000010010101111000110100110001011100111001011
00000110111100001101110011100110101111110000100100011010110110101001111001111010111001011110111111100011001001011111000101000111111011100010110010110001000

11111010000111111110010111101010001101011101000100101011010011110100000011101111011110010011101111011110010000010011110010010110101000110100111000010100
10010011111000101110000110111110001110101110000011110101011101010101000100100001101000111111000011110111111111101100110010000101111100110010011

1001010011011100111100011100000110101000011100111111110011101000111100110101110000111000100110100110101100000011111101110110000110111110001011110
10011011111010111100101011101000101101000111111101101111100011001110000010011001011111101110100111011011101001100000100111100100111011010000101

1110011000011010001111011101100010010111101100111001000110110101111000010110110100010000100101110100101100111100001111101001010100110111001011101
1101111100100010101010001111111001001111001101101011111011110011101110011100110001000100010001010101001101000011101101000010110010000101110

01001110110110111001010110100111111101000011111100001001111011001011111100110110101111010010110000111000100110110001011011110100100000000010001101101
01010101011010111110000101110111100011110011100111011011111111101100110100100110010001001101101000001100001110010000100010111001
