11000101100111110100111010001111011100110101011011111000101101001011111000111101001001001000
1010010101110100100100100110101001011111011001100110010000111100110110001111101100011100111111

0011100110101111010000111010011011111100110001011110100100010100100110001111110101110111011000
011000101111110111101100100010110001010100011110000010100001101100111001100010111111011110

01110011111101000110111100111010000011011001101011111110011101010111101000111000001110100
110101101110001100110101101011110011000111111010111010000101100001000111110011101001011000010111

011001011100001111000001100101111110111101011001001110111000010010011100111110111010100110
00101001111001010111010100000110001111110111010101110101101001000001111100110101101110110001100

111001001101101110001011010111101001111100011111100110000110000101000001000011100011110110101010101001011101
100111010011001100001110000100101110011000011110011111011000101100101101111000111110100010100101111100011011
