1100101011001110000011101101001001010001110101000110101011001100011011000111111110101010111000011111110111011001100100011110
11000110011010001001110110100111111100111100101111011001110101010000010111111000101011110010010100110

0000011101111000011101100010110100101111010111001011111111100110110111000000110010010011111011101100111000010101001
011101101101110101001111100011000100010101001011011010001110001110101001111100110101101111111001011000001100110110111000010100001111

100001010010111001011111101010101000011100111111000010000110100101100100000101111110010111100110111111010001
111100000011001010001101111100011111111010011010011101000001101011111101011100010111100111010110010011000

110100001110111000101010001100001001110001100111101000001010111001111110001111101011001011010011010
01100001101100011101011001110110100100101111010001111101001000001110101101100100001011001111110101111101111111000001101

1010110000101111111100001100010101110100110111100100110100111111101111000000101101001010011100110110011011011001110000111110101001000
1100001111011111100110001000010110000110100001000001001011110101100011111111100101110001100010101101110101101100010111010011110111011010011110011

10000110100100001100110100111110111100010111111011100010101001110010101110010110000110111100100010011100010111
01000111000011111010110110111100001101000001100111010111010000110010000011111111101101011011111000010110100001101100111101001

01110111001000101010011111111101110110010101100111110000011010001010101101111100101111111101001000001101000011000001
01110011111100011001101101000010011100110101010010111011001101011000011011100110010000011001010101110100100000111001111011110110

111000010111100010000011111000001011100011111111100010010011011011111110010010101101011101000101101101110101101100
011110101010011011111000010010011110000101110000110011001001001010111110010110111111000101000011100010111
