1011001001010001101010000100011100010011010001111100000110110001011001111111011111011111000101111010111001000110110110011
0010110111111100110010101111000110101000111011000011010111011100010010111110110100001101010010011101110001000101101111111001

010010001111001000110111011001100010001101111110100001111000001100011101100101001111011100110101011110111
1011110001111101000011010101101100100010100001110111011110010010010000110011110101001100111101011110000101111111001

10110011110011101111101101101100110101100000110111100101001011000101110000011111111010001110110010110101100000100111
110011100010010111100101010100110111110001001100110101000110111000111000010100101101100010001011001000011111011111001111

100100001111111011110110011010111010010100111101001111110110011100101011101110100011110000101110000101100001100111100101000
1011111000110011111100011000100101100100001100011111101101011110110000011001000110101101110011101

110001010011110100101111111010011101100011011100011000010111110110101000100000011000111100101111001
101100001010110100110101111100110110001111111000101110011101100001111011001001110001001111000100001010111110001

1111100001010000010101100110100010101111011110011111011111000110111010101101001111011000011101000001100001010011101
1000010111100010001001100111101010001100111010100010000111110110001101111001001101001100010010100111101100111011110101111010

101111000111101000001010111011001000100100100110101101100110110101111101100110100100100011111001111011
000001100001110100000111010111101111011000011011100111100010011101010101101101001110011110110010110101011111110001

1100011001001101111011110000011101101010011011110000001010111010111000011011010011101101001011110011100110110001000
1101100010101011100000011100011010111110001010100011100010100110010111110011001011110110110000001110011111101000010010010010010111111110111
