11111110010111011101010111101110110110010101000100110010001001000111100
111001001111111000000010010000101111001110101011110011110110101010010110110010001111101

110101101111110111001010001101000010011011111000000010011101110010110010011001011100110101011111010001
11100100000010001011111101101110011010100100101100001101100110001101110100011101011111

010001110010100101001011011110111111111110110000100010011000011100101100110110100011111010001111101
1100010110010010010110100011101111011010100101101011111111000111011000011001100011001

1110001110000111010111100000101010110100001011111011010111111000001011110101100010010101111100
1101001011100001000011111101101001111110100101100101101110011110000100110011011

110011110011110110000011101110110110010100011001010001001101110000111111101
11000100011110010110001111011011010011010011101010110001011100101111010110111001

01101010000100110010100110110010010011100011111010111110010101000111100101111110000110111
111000100011011101101010011010011000101001101001110111000011101000000101111100110010110110111111101

0000101101010100111000110010111011001001101001111111011111010011101001000110111011110001
010001110110011110010110111000110001111101111110011111110000101100001001010

1110101101000011011111011111010011111110110101000010010110001100110100100110111011011100000
11010001111110000010101110101111111010000011010011100111001001000101111011

00001111011101010100110111011011111110011010111010001011000111011000001
000010001000100101110001101101111111110010100110001101011111100100110100111101011011011
